72
351
77
469
148
233
232
235
120
156
27
182
182
159
44
162
57
230
150
469
175
52
220
272
385
247
349
197
276
13
205
59
44
430
282
308
289
325
81
369
201
81
493
54
363
284
132
368
168
364
332
269
70
323
435
424
489
230
422
481
44
57
413
259
176
239
290
475
184
403
251
93
346
204
89
392
268
132
144
33
294
105
350
453
13
272
440
341
494
476
329
369
239
40
352
123
13
275
446
307
441
318
252
126
486
184
175
39
249
198
309
330
250
427
5
195
247
93
141
182
48
98
492
388
496
451
106
197
94
157
217
308
221
475
67
252
430
80
380
387
362
427
328
87
246
232
121
280
216
421
342
475
455
348
130
403
39
65
142
45
176
173
498
282
226
133
42
385
462
363
269
343
440
362
335
289
433
434
437
439
116
275
95
10
472
399
136
405
378
419
357
472
230
370
162
267
377
213
163
263
496
55
183
22
70
272
79
446
359
44
397
300
261
103
196
211
383
399
294
79
477
419
417
194
471
47
141
237
138
127
35
188
398
98
411
371
158
206
204
425
318
229
486
212
147
232
463
432
261
13
433
23
230
64
436
391
122
144
483
363
238
27
478
194
146
306
329
24
273
325
244
74
333
453
405
103
226
307
231
295
297
369
70
469
80
129
361
71
328
44
461
140
331
89
293
435
117
443
303
201
100
161
445
493
218
223
292
111
81
318
303
17
44
350
466
82
351
313
135
183
185
90
364
418
261
348
435
481
424
359
36
428
177
486
57
491
281
461
241
410
448
332
124
464
116
303
248
441
262
36
452
119
426
291
197
458
388
451
131
285
16
229
311
357
78
325
16
228
190
89
24
428
351
63
257
48
491
467
217
17
24
481
72
28
437
66
197
138
401
68
83
172
484
333
151
235
431
432
352
314
237
11
89
113
439
44
183
336
243
73
385
472
316
388
410
422
411
49
160
160
464
59
182
183
342
168
340
245
46
183
455
15
116
423
61
20
457
178
362
203
244
364
390
229
37
65
364
77
342
325
184
201
427
47
105
342
347
71
477
126
208
141
339
254
432
229
384
0
200
323
181
498
336
462
90
86
157
460
108
377
231
50
366
215
47
36
312
38
146
42
191
52
203
26
191
235
237
445
125
11
268
427
104
213
27
33
38
123
33
469
347
50
292
45
304
13
251
379
14
295
390
454
457
93
440
417
484
198
408
73
54
184
428
333
432
31
376
4
344
28
413
320
230
152
311
438
386
318
481
242
418
259
179
62
393
151
165
73
262
212
19
239
189
26
201
143
150
215
368
381
492
165
143
248
227
324
498
279
393
366
407
260
256
403
483
324
378
280
423
140
95
407
67
437
363
148
378
449
453
309
330
497
425
168
82
89
7
219
449
56
298
53
216
46
477
111
384
214
62
73
100
74
141
156
149
18
392
188
93
370
224
158
378
258
56
236
236
316
434
63
85
14
404
319
66
127
467
67
480
386
279
493
378
43
95
85
157
497
443
465
254
137
189
295
102
289
138
156
157
467
288
19
486
48
308
26
125
181
246
495
60
334
377
68
328
261
234
22
490
109
24
117
450
277
409
99
240
417
93
386
320
388
184
46
322
188
272
457
378
135
457
147
121
91
476
381
253
293
216
24
365
351
224
115
500
426
106
191
225
275
197
361
151
19
390
411
50
418
170
150
17
462
245
306
209
360
116
350
232
50
484
425
392
71
329
176
355
58
158
429
258
476
408
28
280
433
215
160
384
361
382
306
54
324
169
358
257
75
206
330
478
113
473
418
336
239
131
245
487
158
99
138
190
126
376
301
441
431
158
171
379
73
357
7
382
168
92
212
271
250
66
118
136
84
256
422
301
312
81
228
178
224
317
186
324
3
348
230
193
63
372
257
235
465
247
399
435
149
202
468
406
300
336
237
111
209
277
214
316
293
121
349
307
329
76
27
277
126
221
132
110
60
286
191
493
106
393
451
3
226
98
475
323
500
353
133
348
63
94
139
249
258
239
152
264
142
155
341
464
104
465
240
276
145
415
135
497
313
362
121
136
58
238
56
145
27
391
76
178
395
131
78
212
182
117
356
95
461
441
46
207
341
240
35
459
439
233
296
453
203
471
92
13
254
67
200
454
106
300
39
139
339
124
463
487
60
495
98
239
335
340
301
110
310
246
390
99
385
492
268
384
479
124
324
167
456
186
269
35
252
196
63
27
468
243
496
405
202
129
361
18
152
391
83
171
41
450
303
14
423
47
23
258
225
21
86
369
426
326
277
477
91
307
230
111
127
119
266
207
244
459
122
309
123
380
225
337
115
64
256
171
313
25
247
20
448
11
344
434
482
412
386
116
223
137
436
382
207
20
75
72
154
203
451
326
64
388
409
344
433
163
53
256
124
497
449
70
165
330
420
459
40
329
11
119
53
170
206
85
316
399
53
391
68
159
467
414
367
22
334
95
253
356
276
135
302
462
329
58
14
128
311
119
303
345
153
108
149
323
185
173
37
85
214
266
159
188
353
289
142
208
116
260
409
357
293
201
90
456
420
167
488
339
353
105
267
393
377
466
499
359
357
98
123
363
205
228
457
392
472
272
165
278
231
343
10
83
222
195
475
496
25
327
129
166
57
490
441
398
345
121
217
366
23
269
262
299
349
390
2
286
311
276
144
54
455
106
38
343
130
155
262
91
88
375
11
4
91
309
474
58
196
212
271
23
307
402
406
208
188
80
250
268
278
328
122
142
428
237
65
65
54
484
220
428
435
437
142
81
344
61
313
325
314
402
253
239
315
231
198
287
99
323
171
188
10
62
87
379
308
310
306
412
368
214
459
259
451
425
365
457
230
134
253
293
352
227
328
24
380
209
181
240
294
117
493
328
190
111
410
171
97
320
310
447
450
173
17
9
42
431
489
470
456
467
305
46
10
387
174
388
137
417
319
6
181
101
203
178
81
486
144
492
355
239
227
159
325
460
497
36
264
102
292
84
255
472
98
371
92
277
38
436
424
71
71
297
100
224
491
118
76
187
263
379
139
156
85
203
344
200
163
493
360
167
145
455
0
369
472
371
70
477
300
199
226
434
214
369
87
341
158
440
30
349
428
187
49
371
476
107
230
458
143
498
169
345
423
351
172
458
28
174
161
429
70
175
215
411
210
123
3
101
285
201
418
340
272
271
286
133
150
24
181
225
339
35
3
435
179
36
477
123
42
151
274
293
217
14
400
280
155
366
432
371
254
27
258
34
248
429
263
283
99
74
13
222
224
185
382
173
136
35
243
487
280
265
187
292
7
250
275
195
460
421
19
140
209
304
337
257
288
198
363
376
8
354
419
173
134
105
220
460
214
312
390
47
324
321
51
421
388
372
152
344
116
440
336
313
96
177
39
6
384
407
94
450
370
357
405
232
328
350
325
180
437
231
350
64
244
163
197
389
81
94
473
496
125
169
255
388
19
303
238
241
205
145
268
490
439
463
150
432
281
121
92
370
317
218
163
105
169
65
356
153
52
95
193
462
390
331
150
266
225
398
327
82
290
314
437
477
67
171
124
354
491
12
426
474
369
105
396
66
262
19
190
253
329
218
23
81
124
110
315
206
446
186
438
298
453
149
338
112
335
458
388
39
284
394
120
492
249
207
475
425
236
216
113
313
282
293
407
203
192
307
288
295
311
64
205
153
272
197
176
469
35
332
487
287
129
373
214
283
144
38
350
482
160
418
372
37
267
108
62
369
140
31
22
390
437
343
180
182
484
350
181
50
480
156
4
201
354
136
101
58
234
68
250
290
328
233
327
36
300
314
319
141
377
106
102
23
391
421
296
193
419
45
191
4
354
37
58
48
37
383
486
119
258
359
347
112
64
366
207
377
130
12
160
156
438
254
421
368
210
103
460
232
108
471
177
312
403
227
157
211
267
314
312
48
492
434
441
363
33
47
11
481
103
106
242
223
6
379
205
315
35
6
396
348
192
304
344
52
438
10
0
472
302
109
238
477
445
371
462
499
81
322
340
385
376
18
135
359
122
422
433
474
336
39
76
479
491
90
424
235
72
229
41
14
451
315
346
385
30
176
150
54
90
458
343
194
325
3
144
177
274
72
452
373
462
359
206
357
149
180
455
448
106
354
41
32
469
149
410
386
175
294
197
192
433
110
466
470
48
500
397
319
22
400
405
163
27
211
385
359
250
386
473
331
148
472
431
489
21
32
80
154
355
134
83
345
100
479
250
415
168
171
360
163
35
202
443
91
6
404
415
430
439
425
407
34
471
466
24
156
107
296
228
230
476
282
198
211
467
58
192
416
265
356
403
204
276
267
278
496
227
235
189
176
179
388
38
246
451
315
346
147
456
10
413
189
39
488
436
106
79
369
405
351
40
346
386
371
480
184
417
175
263
127
42
247
228
237
10
61
106
126
500
164
437
487
480
230
164
403
219
148
451
474
137
274
174
453
362
249
380
392
208
305
330
201
101
248
498
211
132
127