18
285
23
437
349
238
377
152
396
429
87
36
218
344
243
290
484
154
36
228
101
319
435
272
361
92
94
454
475
408
341
403
78
64
157
443
271
339
1
94
178
339
58
8
328
428
49
429
482
309
14
448
375
32
487
454
225
426
433
417
6
402
231
499
42
485
338
154
199
430
157
52
137
194
424
392
298
292
339
232
493
123
235
9
363
473
213
460
23
292
456
416
422
45
279
409
147
438
359
426
376
416
101
386
88
439
122
17
191
426
214
449
301
344
59
107
490
55
221
262
487
71
217
114
211
363
39
377
28
236
50
10
372
499
137
357
365
85
324
384
426
314
186
395
289
135
263
217
329
369
474
352
352
437
400
297
4
160
421
373
339
169
327
335
358
343
66
166
352
325
112
459
207
85
277
52
133
25
69
151
100
316
372
291
114
35
71
421
122
98
246
104
40
392
446
376
499
421
62
123
325
265
127
372
163
24
208
410
380
335
278
14
246
98
18
4
428
367
425
131
320
469
427
14
396
251
156
37
345
418
311
369
447
198
60
164
495
190
186
287
276
427
351
132
131
472
223
456
191
208
78
190
167
146
2
93
123
443
421
42
346
35
276
208
94
443
287
82
115
179
225
215
489
457
181
331
124
343
182
488
179
464
109
363
450
24
463
485
494
174
392
494
86
192
312
262
205
410
363
436
399
369
429
33
71
391
96
442
38
81
359
389
313
402
137
131
170
426
234
108
106
228
461
220
407
269
30
482
448
314
28
361
136
489
76
406
312
476
293
95
19
311
265
470
230
477
244
483
289
172
77
274
462
271
231
26
14
133
173
329
289
447
183
297
2
181
117
254
93
306
154
121
336
320
134
69
417
114
419
92
401
85
82
437
161
122
412
450
27
493
439
184
100
190
81
145
37
30
80
96
393
386
410
18
136
150
453
461
424
156
371
189
305
453
261
476
53
94
367
492
204
364
356
178
23
5
22
239
198
472
158
341
49
85
161
445
192
270
190
273
485
330
28
4
386
91
174
453
320
244
96
23
112
192
466
397
493
181
405
47
456
254
220
75
431
104
120
463
59
474
133
105
485
91
472
450
245
157
46
173
51
41
365
239
12
189
133
12
226
415
37
461
492
222
94
223
43
157
323
273
85
325
245
197
52
142
399
441
81
132
388
16
381
204
42
171
142
45
161
217
329
26
171
192
190
394
11
170
361
142
372
121
325
303
378
90
160
343
285
361
436
180
1
388
472
174
233
77
455
249
244
122
362
206
122
123
433
293
495
399
385
280
60
283
158
181
483
108
183
339
260
53
170
338
149
459
419
404
428
229
212
45
123
330
488
351
374
19
348
186
212
489
480
65
368
254
71
242
113
434
189
383
18
456
233
118
459
310
238
434
492
129
218
11
479
5
274
500
74
411
24
213
165
109
25
36
120
353
351
173
458
169
4
465
15
77
342
319
59
354
365
233
80
6
287
370
442
310
342
216
321
336
289
137
73
211
1
457
135
84
297
268
371
356
285
148
478
339
448
388
497
105
234
134
110
372
279
348
292
385
49
239
225
322
398
15
329
320
175
184
456
382
266
324
154
426
358
248
429
235
38
359
14
94
278
428
13
239
399
176
419
449
418
480
83
101
419
86
483
142
299
271
214
423
335
63
201
247
249
392
48
197
338
113
466
102
462
59
142
164
484
255
135
82
63
78
10
211
446
483
50
167
445
266
93
372
404
3
246
431
285
270
373
123
187
207
231
427
395
248
90
229
451
174
493
273
230
349
188
41
41
36
342
488
278
335
156
303
368
456
59
438
427
150
428
318
116
266
197
421
114
282
276
166
220
26
437
278
493
238
149
465
439
267
419
49
40
344
495
323
473
458
55
359
492
53
38
58
227
163
153
204
259
426
339
478
477
409
360
365
312
286
427
7
121
152
254
297
8
494
118
159
123
64
401
196
420
388
127
154
417
50
49
18
429
128
54
488
245
86
82
292
330
307
98
382
425
179
126
223
412
453
38
335
272
266
318
287
163
456
200
491
18
340
264
201
337
211
256
440
193
389
273
144
62
322
369
72
310
237
64
109
172
139
175
336
138
426
234
138
242
193
431
212
102
116
444
193
358
356
336
467
485
131
202
449
173
437
474
214
293
269
283
317
105
116
253
367
20
345
390
423
182
244
474
45
429
321
465
38
141
405
474
491
485
234
387
83
300
440
405
235
287
69
390
70
300
252
64
432
319
341
308
110
281
121
324
215
380
60
368
84
294
402
483
248
357
94
300
286
497
473
301
269
271
239
183
156
132
329
369
497
414
253
245
423
153
214
376
99
494
499
405
463
399
377
158
77
458
455
58
404
128
365
68
136
305
358
184
332
71
461
371
20
213
62
168
75
399
314
129
36
111
64
39
127
185
301
402
246
246
78
150
422
425
28
411
131
310
398
205
142
47
283
58
170
299
159
225
486
63
17
20
186
85
350
56
445
437
337
96
136
185
228
340
493
156
320
460
360
429
495
188
371
302
77
385
151
47
177
25
280
47
240
356
410
87
438
167
140
262
312
425
258
20
406
306
499
79
46
207
200
103
273
0
257
358
7
236
148
391
172
260
106
134
187
87
181
297
75
21
339
483
32
196
111
252
29
462
384
115
446
325
442
163
24
180
12
254
498
72
84
456
464
269
462
14
226
129
302
20
118
384
166
95
49
136
1
411
291
443
302
496
199
218
148
56
387
94
265
480
27
48
380
98
280
397
414
36
369
326
444
296
231
318
93
58
35
186
393
480
205
450
76
372
451
13
208
120
41
96
134
86
416
472
180
377
23
369
82
73
420
339
154
353
406
379
169
16
483
82
209
476
145
314
199
48
107
264
479
437
9
345
52
429
294
153
444
429
123
63
155
135
169
339
475
229
85
165
228
107
55
352
88
466
249
38
428
148
467
318
124
165
414
488
117
273
414
356
381
219
12
353
405
269
438
221
160
459
140
128
189
205
41
230
274
257
427
322
266
367
46
176
118
318
301
345
287
141
359
208
422
272
266
249
211
377
207
489
411
279
440
311
481
378
57
49
341
418
259
29
436
65
94
444
46
90
393
108
61
237
311
87
362
418
159
272
308
270
141
241
133
21
118
396
173
245
63
170
350
341
224
392
442
245
125
462
400
202
261
372
475
451
455
260
303
40
189
88
378
88
286
148
166
229
348
146
316
224
12
358
214
398
218
485
475
461
292
314
447
455
378
488
427
338
256
492
492
337
401
68
432
94
292
260
407
285
23
95
355
106
84
218
328
256
215
142
53
112
259
276
204
339
409
444
498
86
496
455
411
0
200
208
138
402
164
38
103
203
202
37
494
234
305
296
37
104
216
44
385
97
454
489
495
467
67
195
493
396
331
109
354
31
388
285
458
64
21
310
354
241
34
254
492
312
124
334
35
484
418
232
483
61
312
202
368
397
126
385
241
349
430
476
7
382
208
347
189
273
377
425
351
75
189
178
467
226
83
245
168
34
222
361
341
209
0
59
209
97
465
397
19
104
41
186
281
353
7
350
44
57
146
392
40
469
207
322
466
204
154
395
66
451
175
172
302
411
295
451
249
357
321
216
394
207
218
391
356
463
260
222
410
350
438
80
285
139
247
72
150
38
81
313
410
202
27
186
313
144
256
300
341
481
33
304
80
162
78
226
222
221
109
248
457
161
174
231
332
456
117
381
256
380
313
36
407
6
4
267
283
439
2
495
454
138
107
286
242
363
64
285
343
32
468
426
63
195
281
296
346
260
191
366
356
107
194
162
333
395
75
277
65
235
90
27
460
255
442
296
207
353
328
387
355
187
408
103
203
19
24
388
55
169
315
233
378
114
181
152
277
338
442
360
244
158
497
60
163
411
196
217
468
277
500
80
193
232
489
134
327
170
355
337
393
277
167
438
334
356
240
457
174
400
403
98
442
361
221
102
114
23
445
459
255
467
266
5
359
122
305
95
60
10
81
497
397
112
427
416
170
50
347
378
36
217
5
15
63
168
192
86
416
193
483
270
355
484
179
471
107
386
5
158
279
379
476
101
476
205
68
457
416
59
456
444
58
283
444
262
129
345
242
177
456
226
47
410
226
89
493
188
301
170
47
25
243
319
217
73
41
80
92
29
420
112
308
297
148
47
417
486
267
420
151
429
471
76
418
38
245
210
283
163
142
5
335
256
320
139
279
34
461
469
395
161
246
5
65
4
152
449
102
163
264
318
154
104
197
81
248
481
223
182
126
192
40
72
387
140
372
317
217
118
441
416
38
423
94
155
493
230
62
299
213
30
257
299
334
206
376
315
153
306
67
26
393
182
208
248
31
122
114
23
16
224
465
170
99
410
392
137
227
215
40
468
304
421
332
319
10
2
46
71
228
280
465
151
395
140
460
217
57
325
283
255
53
187
197
87
385
171
125
103
448
453
109
211
394
79
295
199
187
422
228
84
394
351
464
40
284
266
236
143
67
33
197
258
205
152
34
220
359
92
423
287
45
288
453
311
467
223
457
228
213
384
390
41
436
121
51
224
459
395
465
356
253
75
23
55
250
248
303
270
21
274
385
297
332
385
181
60
347
496
474
84
126
437
277
406
256
495
65
168
169
205
5
7
343
173
29
470
448
175
108
429
5
269
256
113
438
419
473
103
185
269
192
354
298
266
141
491
72
198
478
9
229
460
444
407
425
176
358
196
197
440
253
140
5
13
284
79
102
177
290
308
15
139
365
288
305
125
488
96
133
317
227
354
484
6
160
339
500
217
223
490
207
334
184
165
432
169
117
56
292
87
451
368
395
188
444
209
37
91
221
483
332
476
108
234
195
499
332
206
286
327
224
22
343
187
482
22
368
287
27
339
465
361
339
42
86
471
304
67
384
202
187
452
420
247
222
103
333
420
21
178
46
330
78
152
69
448
117
6
135
308
432
376
37
17
34
428
86
84
97
452
486
301
394
86
321
426
109
141
29
136
174
154
57
49
232
232
427
360
406
1
168
236
412
180
50
338
389
107
159
144
278
342
354
42
259
289
234
244
241
452
157
494
488
156
23
107
464
360
276
1
459
54
373
314
419
497
83
176
243
184
299
393
341
112
330
301
168
224
444
10
231
72
187
132
397
71
257
378
30
211
49
447
137
16
162
199
298
431
358
258
201
20
81
454
380
469
194
153
438
32
4
114
11
110
130
433
64
296
274
416
45
166
154
91
307
296
38
193
221
295
255
131
357
414
61
261
247
457
455
353
36
489
148
87
394
369
335
4
265
229
284
383
446
429
76
213
124
37
283
418
358
286
26
390
224
324
442
245
313
216
401
487
344
123
82
313
221
283
76
138
338
171
186
93
38
185
440
234
387
411
199
297
224
429
293
476
482
280
101
148
106
70
273
28
189
147
98
195
165
313
146
57
221
106
48
179
496
299
172
231
172
266
407
197
267
79
25
379
442
347
153
257
320
444
235
242
56
83
206
122
133
267
246
429
302
48
357
301
77
194
224
185
450
172
201
254
434
170
381
128
243
124
94
82
445
329
265
474
53
461
484
98
27
185
96
166
307
444
31
54
205
241
466
37
429
222
225
437
69
425
253
476
9
268
17
166
186
352
379
355
278
132
374
451
175
289
114
488
43
262
219
350
469
84
408
26
284
314
435
448
65
123
271
306
460
435
143
30
136
462
260
294
159
449
75
286
92
213
315
322
319
291
169
489
473
160
270
22
416
438
415
217
209
383
334
405
133
258
289
21
149
272
328
386
386
55
306
301
289
231
21
307
123
232
352
77
491
202
77
201
370
482
55
361
484
274
304
340
13
77
106
225
210
435
222
210
249
463
326
391
127
431
102
213
312
83
180
162
101
185
15
54
291
385
194
493
80
415
32
431
25
129
275
301
143
360
203
240
61
373
472
218
444
196
319
321
149
72
485
198
233
419
15
48
323
398
81
356
473
263
309
346
77
418
256
496
67
345
407
266
324
86
350
65
84
28
322
300
12
341
131
268
43
86
409
139
170
188
366
279
144
297
232
375
41
330
491
368
435
373
170
147
291
476
175
64
250
139
76
310
438
325
259
449
352
349
468
208
283
431
453
6
73
352
348
241
225
89
20
473
318
457
88
392
50
343
70
161
147
81
348
452
36
310
52
10
152
202
425
154
397
94
166
266
245
222
231
116
408
20
87
121
481
44
161
89
127
269
84
218
144
422
403
291
235
50
106
30
410
228
69
27
351
156
69
0
298
234
484
469
477
121
303
108
20
482
26
396
207
54
473
128
427
141
449
92
369
310
154
286
437
488
106
11
112
96
12
44
349
367
397
336
182
189
114
296
101
150
224
398
404
102
454
411
317
116
381
129
258
21
490
407
138
422
267
240
261
106
180
234
3
268
69
80
100
345
225
309
408
364
262
321
337
359
389
447
127
151
272
227
265
293
412
312
95
465
323
368
130
372
160
433
219
67
321
226
429
122
417
436
182
335
331
474
78
406
53
427
462
155
469
429
100
461
115
301
313
0
313
331
436
445
392
84
74
161
86
89
12
140
59
153
138
299
446
5
276
150
271
293
322
382
325
117
402
144
160
242
282
66
464
499
458
32
220
227
132
314
132
140
174
391
292
373
53
355
121
344
247
140
202
169
427
127
493
337
371
489
196
120
56
476
10
306
326
280
414
350
359
415
5
473
491
499
266
476
296
263
209
466
164
388
63
152
184
265
78
88
187
295
326
287
205
183
413
400
111
445
364
128
18
458
237
494
299
6
245
72
448
432
15
121
260
177
26
324
17
125
281
73
73
6
26
137
230
313
428
475
209
372
53
494
154
279
369
73
215
279
426
272
389
88
170
350
208
458
467
451
35
292
397
348
481
335
36
435
148
34
338
203
224
195
62
489
377
125
348
273
328
448
486
443
500
64
489
499
24
392
267
66
264
484
144
417
134
478
245
94
311
0
304
270
210
352
113
416
162
89
178
237
327
275
191
341
73
431
367
70
484
94
229
434
238
49
75
45
282
317
302
274
235
171
378
433
175
127
179
287
474
204
29
62
118
279
269
61
309
70
92
380
266
86
479
188
351
79
155
227
327
487
377
414
36
333
141
244
312
380
381
10
140
17
444
63
495
159
149
462
297
331
390
461
416
47
116
43
244
42
412
119
329
163
69
30
206
76
44
180
223
116
436
133
458
450
60
115
386
199
439
255
71
242
227
354
278
489
26
272
487
7
438
188
262
113
443
51
279
320
242
481
485
297
347
415
279
136
419
163
337
84
23
438
235
263
268
43
262
366
22
201
191
461
147
103
181
132
480
164
38
497
29
111
184
95
445
433
21
61
4
104
413
428
96
313
379
373
92
121
417
171
403
391
186
486
189
243
156
7
86
131
125
322
192
46
293
94
378
173
257
27
71
367
73
411
198
148
111
174
480
120
194
272
198
372
259
481
14
174
134
341
22
280
360
8
124
420
56
48
111
196
165
344
131
136
419
103
314
264
305
174
377
69
51
102
414
306
134
216
328
376
267
420
55
127
209
443
59
482
61
160
409
107
84
367
421
42
241
9
162
157
316
177
175
315
69
425
404
312
118
416
475
43
272
205
201
272
122
379
120
0
493
208
389
354
357
89
42
498
32
307
291
262
439
234
325
372
210
170
376
68
71
130
164
121
326
226
159
382
178
378
345
201
323
15
66
273
489
426
226
124
267
369
294
336
370
125
407
371
264
445
348
107
94
462
237
386
112
351
73
190
170
89
388
290
209
159
320
276
243
335
292
433
167
177
219
153
339
350
32
274
312
382
381
401
236
77
294
355
417
431
422
314
338
113
251
361
49
416
192
212
158
318
434
32
176
257
448
338
441
319
254
94
362
478
50
131
146
237
494
278
120
220
170
155
126
455
12
177
184
499
110
285
377
107
291
110
381
136
313
63
290
26
117
337
473
265
27
269
365
448
67
498
404
381
434
20
389
366
276
178
178
414
307
322
66
371
473
213
360
207
64
190
97
426
443
63
14
65
175
23
482
363
116
80
394
428
300
347
190
491
54
412
235
156
453
261
50
340
169
212
497
14
195
7
318
115
1
479
130
498
73
257
451
286
122
70
480
462
102
327
109
411
273
267
301
193
163
461
230
380
305
457
296
359
5
479
314
120
410
424
393
16
174
174
184
226
120
267
476
418
197
497
465
88
322
131
162
101
233
299
234
163
137
395
483
143
485
369
119
487
395
348
84
279
109
448
217
11
410
61
263
440
144
260
96
463
436
255
300
216
265
129
68
117
328
174
266
257
216
138
386
147
218
430
442
274
61
348
250
459
156
335
487
245
283
347
477
332
181
210
155
473
471
325
179
247
139
125
81
162
355
287
366
87
240
184
157
498
169
66
362
144
188
362
158
101
239
339
306
66
305
164
367
367
249
25
449
426
187
264
204
433
22
270
70
495
91
17
235
391
83
126
350
221
128
129
142
41
367
259
424
391
419
449
44
215
27
411
455
66
128
196
9
149
375
361
386
119
413
301
325
147
434
240
409
466
20
306
226
189
64
383
196
174
418
76
56
124
359
133
399
324
453
245
304
88
463
391
411
173
363
238
341
377
326
60
262
78
358
19
331
257
299
29
433
254
235
352
117
360
357
0
44
341
124
487
372
40
304
5
370
84
147
356
202
170
37
265
28
446
481
310
22
309
263
460
464
60
70
473
420
484
39
204
491
162
82
411
489
419
379
249
73
461
220
233
327
312
368
127
230
233
2
225
293
496
158
461
66
38
100
219
35
39
130
261
126
36
238
367
298
325
4
17
299
320
261
46
90
306
141
418
366
425
185
289
55
196
326
263
75
466
394
19
477
60
129
296
463
369
105
201
175
423
121
60
366
154
346
288
310
364
171
324
406
393
99
403
66
301
46
253
43
490
493
423
481
93
368
202
46
56
376
70
209
70
443
362
113
460
462
306
304
402
125
217
309
497
54
367
68
363
205
271
142
419
365
104
168
307
204
383
75
339
228
24
264
127
17
56
363
311
352
82
145
400
419
387
405
316
288
210
287
396
470
427
290
276
328
102
204
280
312
206
26
169
64
45
456
384
254
134
100
126
81
473
22
47
311
119
44
410
279
171
356
81
142
242
142
159
204
18
168
193
63
401
408
474
107
190
4
268
401
3
415
372
259
152
284
467
9
325
208
51
177
406
321
303
370
492
174
311
91
465
124
51
194
36
76
99
188
498
359
485
197
253
344
431
96
303
482
287
229
289
261
281
48
196
82
278
471
83
339
276
61
171
160
265
402
394
73
82
487
428
461
296
425
373
124
96
258
27
458
304
156
300
439
236
216
105
200
380
451
52
308
77
22
40
470
118
210
183
483
327
467
337
27
407
112
171
434
349
162
166
121
218
268
357
370
268
390
383
50
238
313
438
170
496
43
147
338
131
249
348
21
165
114
446
433
369
268
434
6
287
94
211
406
484
68
413
471
374
242
280
93
60
407
408
306
101
472
134
80
249
362
492
478
456
41
333
221
190
114
448
371
441
38
218
185
369
80
63
23
444
177
492
16
409
438
417
175
434
43
97
417
275
426
412
335
313
185
344
334
92
450
33
26
109
475
207
116
484
206
463
123
408
280
231
59
107
432
61
235
361
463
333
456
239
190
291
324
126
8
367
154
35
495
329
138
304
116
124
457
77
490
381
173
41
114
452
304
206
287
215
23
387
136
437
1
235
94
6
309
397
187
424
206
87
403
324
416
278
313
86
282
273
11
82
75
358
218
83
261
462
33
151
451
460
114
298
204
380
433
477
126
395
286
474
124
341
385
284
156
3
326
387
296
39
172
232
382
364
1
342
312
342
348
112
209
145
238
73
66
398
472
441
113
362
440
48
342
63
105
270
39
177
238
432
36
284
266
66
69
132
419
206
227
175
464
133
63
304
143
445
453
483
250
459
48
299
459
458
394
188
152
288
84
358
185
300
118
490
285
445
349
349
231
115
118
302
18
335
196
123
470
387
201
489
298
472
127
122
265
333
474
63
46
422
426
481
104
151
329
401
73
40
184
414
402
388
167
189
361
212
479
477
20
295
377
273
80
133
333
80
450
127
181
320
308
11
148
455
258
372
228
224
349
107
218
199
117
318
438
62
106
181
76
227
8
256
404
155
485
370
247
445
157
139
480
8
351
454
430
137
413
236
178
335
408
259
463
129
204
311
498
297
485
197
31
96
215
59
113
138
299
156
319
70
356
250
415
17
34
440
80
51
167
381
341
95
382
63
161
401
66
391
231
477
235
401
431
189
8
21
484
151
452
286
9
468
444
376
24
461
284
4
147
165
263
36
341
216
227
86
439
456
259
491
181
489
181
381
256
335
359
471
42
479
50
210
61
359
58
168
259
37
229
346
200
175
218
130
153
482
189
155
383
481
229
320
489
257
469
318
464
99
77
99
62
219
339
471
406
462
15
116
311
271
190
13
63
303
49
31
151
12
436
326
396
433
8
473
452
153
270
73
207
385
168
90
337
212
202
25
302
7
97
354
454
82
83
98
247
380
307
13
23
49
322
291
73
177
253
485
214
74
305
0
466
484
102
266
465
302
116
125
74
324
379
287
422
208
274
345
81
100
144
34
407
266
150
147
285
227
459
264
92
449
221
145
187
250
335
177
191
295
68
266
338
395
23
154
72
413
93
150
252
448
224
386
337
236
346
5
459
197
72
21
10
332
149
137
473
213
307
65
330
218
357
414
385
124
386
303
487
490
494
284
59
20
489
50
104
397
153
358
494
373
8
274
241
453
437
408
12
473
15
218
13
19
465
189
197
44
282
22
360
176
464
465
388
332
206
301
183
267
141
282
491
395
164
395
173
63
494
39
383
386
176
163
306
164
484
239
58
72
171
463
483
401
396
23
436
63
168
474
372
143
350
401
184
36
184
301
478
420
44
18
214
337
365
66
405
225
388
260
111
136
250
155
31
9
323
133
459
497
426
209
449
161
7
187
252
427
251
2
50
29
288
441
356
325
476
141
395
407
150
362
407
203
361
81
92
122
266
15
495
298
487
407
234
411
315
306
157
397
249
147
390
166
76
105
466
206
485
227
105
443
202
349
100
268
71
242
228
402
155
209
8
333
175
201
221
31
76
464
38
354
306
291
8
357
26
39
161
295
456
142
32
53
32
291
372
142
327
482
360
462
489
68
313
35
474
12
197
291
412
144
30
159
125
1
255
426
228
353
257
18
378
105
35
197
42
113
431
264
428
305
301
24
38
495
437
128
204
132
91
469
319
63
291
231
357
38
158
390
51
3
238
371
230
188
266
162
12
309
330
398
471
359
336
387
360
26
323
14
297
418
356
272
220
136
276
18
222
340
133
317
450
388
454
432
218
436
428
213
323
467
392
101
361
467
195
446
291
488
113
317
423
464
248
397
54
13
111
118
495
151
438
323
9
468
336
31
391
233
271
323
337
128
368
263
26
44
495
359
468
31
56
200
470
138
49
442
126
193
341
188
130
343
164
382
62
466
41
64
337
93
87
432
425
427
430
83
463
247
436
71
499
163
173
122
499
289
294
263
364
23
5
256
285
122
451
409
58
60
171
411
217
362
458
189
25
475
490
495
161
231
401
111
74
166
286
33
278
182
210
494
159
490
490
418
237
131
162
247
348
175
3
110
432
202
383
116
358
217
116
99
360
353
370
339
235
93
482
469
267
481
417
62
165
380
208
96
204
109
225
214
107
283
28
403
160
228
230
126
284
139
172
339
368
384
320
346
49
402
15
217
330
264
389
102
161
447
402
343
25
83
256
338
269
41
448
323
33
17
413
443
201
39
464
99
381
448
341
265
476
343
68
396
416
78
413
312
374
257
397
496
317
302
380
492
413
103
184
404
495
128
128
469
4
386
213
114
29
105
402
344
398
317
253
488
351
218
136
101
179
228
362
254
141
159
37
434
24
136
192
405
40
17
166
110
6
491
134
69
194
57
54
436
213
307
174
167
47
364
425
169
428
383
289
7
280
439
231
37
265
391
88
42
434
78
89
357
73
191
494
378
54
386
216
420
97
47
143
33
199
487
357
205
98
54
226
440
470
479
341
235
3
432
200
82
466
493
261
162
213
303
38
211
264
433
353
53
249
407
426
109
401
372
301
135
123
140
493
272
484
259
209
102
151
31
338
476
436
400
364
471
286
61
193
21
155
167
134
87
32
487
326
396
460
266
398
23
366
109
351
150
63
3
478
345
264
249
410
159
255
40
79
178
352
126
106
62
106
468
114
12
144
39
69
331
127
421
447
302
12
310
460
477
29
8
407
364
296
114
343
85
171
13
299
45
213
70
455
343
234
287
313
182
144
472
23
88
465
317
238
229
98
368
352
481
70
223
234
255
321
188
100
173
211
72
179
436
100
183
36
360
431
343
56
383
12
29
452
49
265
25
304
379
99
264
230
172
169
33
182
475
95
499
381
477
462
366
452
289
362
324
406
96
381
472
11
156
82
63
419
359
458
321
280
65
62
36
384
475
247
244
27
390
129
155
480
318
164
198
272
409
15
353
490
329
98
247
309
245
420
58
176
314
252
279
27
232
441
358
267
451
345
74
73
58
254
110
50
476
310
225
156
126
378
285
306
114
29
290
478
317
240
90
180
402
154
462
436
280
459
412
350
475
432
149
263
83
49
61
41
53
375
338
76
135
227
198
246
486
316
487
70
475
380
207
488
304
176
280
82
428
222
61
472
444
500
329
199
193
369
13
75
277
344
459
26
338
154
409
193
431
324
398
406
293
57
142
243
135
287
9
159
35
57
192
498
284
4
442
143
385
292
15
398
197
71
357
291
287
343
123
418
47
8
266
294
406
98
236
292
126
175
157
486
319
483
109
215
182
40
341
480
331
335
359
237
62
67
453
28
182
34
45
231
29
406
166
108
376
400
442
149
453
217
260
201
371
41
26
291
251
132
113
431
103
344
370
353
390
334
484
488
455
452
211
397
31
499
380
95
148
326
127
65
244
147
455
10
15
180
318
361
468
184
268
303
100
465
72
413
117
389
360
230
283
347
345
349
237
308
295
195
380
33
69
22
311
412
267
44
54
150
32
225
217
205
200
22
445
216
57
148
164
261
264
190
151
196
396
209
130
349
66
16
250
219
249
417
229
455
285
103
227
129
97
17
345
204
130
428
45
8
302
10
60
415
478
89
33
365
41
389
268
274
81
251
275
440
225
332
268
255
393
258
327
457
450
386
254
75
325
401
390
8
342
174
131
16
262
32
82
444
351
433
149
239
276
347
172
6
485
427
449
65
353
487
384
185
183
415
376
163
310
370
323
200
412
156
147
156
74
39
424
233
93
176
341
331
495
342
273
417
378
351
124
434
14
377
66
387
201
410
262
328
238
106
460
306
360
362
477
129
197
119
450
173
494
137
103
115
45
338
361
442
196
479
433
201
355
466
479
295
433
490
451
472
242
20
498
12
12
450
303
102
12
488
459
253
281
19
388
128
146
162
169
253
435
54
133
299
124
180
116
183
468
222
479
378
170
334
154
401
383
448
206
54
394
403
485
104
309
167
218
486
224
226
56
119
202
251
212
273
132
314
102
22
267
361
334
170
197
259
126
489
207
115
199
151
212
455
60
91
367
73
219
452
118
353
369
278
436
34
463
454
207
412
242
211
362
500
471
30
135
461
287
60
262
22
381
384
140
367
500
493
481
68
365
449
226
85
275
232
320
322
264
152
95
380
183
61
270
39
93
452
251
345
236
194
343
59
118
374
56
240
16
403
493
202
48
352
260
463
149
211
252
151
270
66
389
3
122
92
162
454
145
100
1
360
156
70
149
321
347
65
491
307
459
199
270
492
233
103
459
274
74
231
272
102
147
170
451
288
182
66
199
372
96
280
214
146
374
176
217
140
277
251
419
418
483
197
352
47
47
462
22
365
219
155
236
24
448
288
89
257
18
258
265
211
141
320
391
70
254
425
446
40
500
331
240
343
173
156
400
484
160
297
273
353
306
156
328
302
65
209
317
497
224
382
390
385
123
235
492
147
375
367
284
402
209
273
328
146
184
95
369
386
27
322
157
220
190
256
67
183
352
329
133
248
439
414
201
495
232
477
39
180
34
441
212
93
167
371
104
61
457
301
96
437
404
7
365
303
274
282
303
474
473
400
318
298
10
71
260
120
477
51
400
63
441
491
355
403
450
453
448
4
95
409
374
90
58
491
213
192
132
410
10
97
333
49
423
301
71
197
500
180
328
281
423
478
92
433
43
493
341
343
485
461
465
132
343
413
414
438
419
104
13
179
370
299
483
55
382
489
142
376
381
202
314
118
29
294
87
53
281
371
451
34
437
210
171
71
344
324
275
256
485
396
459
4
449
472
234
335
279
360
363
405
269
145
264
190
49
42
263
165
425
369
147
48
25
221
327
337
169
401
288
391
4
13
298
384
80
71
69
329
467
293
439
245
47
295
171
458
288
292
112
271
439
135
185
373
237
45
451
455
228
390
284
226
166
458
81
400
190
364
399
157
289
284
26
312
57
115
323
374
106
168
382
415
387
351
444
209
276
181
334
345
11
351
240
224
126
235
241
333
454
53
139
134
370
255
348
399
206
102
55
457
166
406
462
327
97
119
152
58
65
443
430
383
459
164
367
347
30
287
96
282
229
97
2
7
78
399
163
96
160
145
13
487
19
140
248
118
465
440
394
417
272
55
434
493
135
247
308
374
497
309
279
470
97
449
106
247
325
8
118
82
469
287
381
183
138
59
292
467
72
395
230
406
84
319
232
160
56
332
229
50
490
69
183
117
189
216
307
439
244
315
449
153
167
95
136
381
275
179
194
103
293
498
6
284
185
393
249
442
275
110
76
430
410
157
145
459
399
477
447
157
267
128
378
133
192
249
42
149
211
400
240
27
471
276
448
22
471
338
1
460
155
254
133
355
307
196
474
246
356
477
202
78
423
334
187
297
469
13
484
39
21
391
69
497
500
150
458
298
10
472
44
22
263
112
66
141
99
39
377
420
331
2
157
311
394
44
393
154
269
118
95
418
138
428
358
359
265
495
122
326
68
67
491
248
208
499
62
209
151
41
7
299
326
329
226
428
244
70
72
196
146
405
239
458
109
105
149
359
276
458
199
123
252
134
183
378
137
246
465
335
40
259
456
233
336
0
257
314
150
446
500
76
280
194
325
483
212
100
269
190
286
500
69
247
114
246
496
124
46
495
228
74
126
249
416
286
179
151
461
167
315
138
441
433
391
408
391
360
220
127
64
39
173
293
388
398
419
317
234
361
57
46
29
246
208
3
7
297
198
315
269
73
243
289
428
131
82
419
360
263
455
372
136
2
220
408
344
287
351
349
276
456
52
439
158
4
397
405
414
267
164
156
285
365
251
480
497
267
149
422
199
335
375
470
76
340
132
97
180
182
226
371
123
74
171
371
395
237
232
3
336
136
89
66
218
160
27
134
155
43
159
296
480
443
142
324
197
219
13
205
136
139
146
240
478
58
372
136
336
260
26
468
296
52
413
122
183
321
59
311
156
148
298
495
51
8
39
422
85
446
372
187
60
294
201
315
319
291
65
497
117
71
215
303
206
57
283
105
403
298
132
330
208
198
220
255
359
222
460
26
240
43
254
340
279
332
74
381
267
192
449
403
38
304
473
257
228
149
162
310
421
47
51
458
198
0
300
358
440
469
103
5
255
147
200
481
203
313
427
253
167
125
477
187
332
448
476
354
191
268
302
56
86
420
440
37
299
410
322
467
166
210
89
166
18
157
97
56
356
29
275
78
80
474
298
21
347
43
140
199
311
481
416
451
392
236
47
498
31
309
287
320
25
149
403
100
158
26
305
267
255
354
445
158
29
308
368
8
464
378
194
355
17
156
312
84
411
466
315
229
388
27
48
383
314
322
36
436
460
474
432
43
225
180
188
298
80
87
341
36
96
138
149
415
417
479
83
348
116
156
458
326
471
308
174
89
124
369
460
334
127
241
105
394
480
72
105
15
184
346
460
294
11
310
196
249
362
231
405
489
3
113
137
29
146
428
157
390
448
55
415
161
168
355
493
267
490
3
112
282
55
177
366
164
36
241
258
348
175
99
173
442
329
211
47
497
189
106
18
409
436
181
500
478
81
370
112
407
163
215
429
308
4
179
3
355
79
212
489
14
391
410
484
165
15
292
349
155
33
393
422
225
46
147
329
308
146
156
118
448
318
227
88
160
320
445
170
122
233
113
299
105
386
145
165
380
41
178
470
164
441
152
130
316
104
332
176
4
452
467
458
221
241
399
26
362
213
21
266
65
429
346
91
379
420
168
221
66
155
27
460
6
337
135
327
243
210
264
133
209
57
325
190
104
103
229
14
268
354
55
348
130
235
223
300
159
414
468
152
201
360
380
343
394
102
41
150
373
226
11
92
98
467
410
38
62
110
141
405
395
404
43
468
200
466
447
415
36
169
259
455
361
84
73
199
177
343
271
135
73
185
229
79
54
339
14
270
161
308
130
444
287
364
97
296
214
321
470
456
452
480
121
66
438
294
30
289
473
220
143
64
414
14
158
395
13
160
446
241
35
71
42
329
493
159
66
224
305
490
385
315
196
269
254
363
335
318
60
246
23
358
277
473
279
25
391
275
114
424
279
106
218
180
421
63
267
264
161
485
360
271
420
211
174
27
377
414
324
211
390
264
401
427
490
500
133
181
454
26
299
467
117
227
454
407
243
127
231
330
262
146
260
30
390
204
211
452
317
82
446
211
92
485
18
207
345
40
32
369
429
10
99
436
397
372
188
206
488
234
53
93
224
435
343
153
423
365
173
470
176
354
411
470
98
281
294
239
188
18
278
305
192
48
357
474
304
155
498
462
23
245
143
252
99
297
133
8
421
47
489
339
482
358
190
52
274
34
176
133
226
150
268
114
376
451
174
198
167
220
256
157
466
121
222
57
96
52
16
67
219
89
44
293
107
141
128
261
143
281
385
127
0
340
17
255
46
394
410
410
488
461
235
7
122
172
191
18
287
232
352
25
214
32
403
86
311
344
316
70
414
472
255
421
185
458
352
388
145
33
380
212
479
88
284
105
143
18
455
454
76
229
16
256
185
112
465
187
200
344
26
211
2
473
69
157
325
372
142
264
335
364
329
12
278
330
40
29
43
299
145
120
246
278
309
192
294
498
276
459
15
289
129
30
399
364
76
490
154
176
24
357
301
38
172
21
407
123
463
204
171
131
453
8
260
316
348
152
326
491
159
402
108
332
25
7
26
339
168
291
161
21
452
461
324
31
143
72
259
499
73
275
159
394
169
111
201
370
324
411
256
1
351
369
127
94
390
354
161
135
29
329
183
252
53
404
237
54
335
151
437
426
153
395
118
247
434
170
174
88
24
270
45
19
146
76
56
439
6
418
7
148
255
19
179
213
270
254
188
397
215
62
31
297
205
31
58
249
482
331
140
447
99
228
76
429
323
222
207
265
234
235
302
500
57
204
339
412
486
225
326
151
380
294
78
216
365
483
436
232
289
102
369
184
197
98
173
197
2
232
249
474
191
18
122
101
101
467
303
216
479
379
86
471
475
204
363
374
79
3
285
430
436
396
7
434
238
242
37
30
100
382
48
201
65
121
311
326
407
348
20
283
21
337
287
466
291
170
423
183
325
326
497
356
59
355
271
202
207
244
297
106
439
160
52
17
408
238
447
386
392
316
387
35
29
269
262
476
217
403
12
237
221
395
185
356
306
495
284
31
354
494
390
446
40
154
30
185
19
465
158
136
347
89
376
370
328
375
243
168
429
447
492
48
114
423
209
219
27
246
139
489
97
59
1
29
380
323
434
379
395
369
284
69
228
210
425
84
179
380
99
441
269
225
112
323
206
443
190
177
445
66
388
37
315
413
292
68
386
357
136
137
147
336
285
1
411
248
1
395
28
360
62
307
92
111
78
361
326
295
417
287
411
73
272
477
495
400
54
12
423
246
18
233
171
395
475
256
68
387
313
80
475
157
17
201
116
307
425
139
120
465
247
89
101
227
422
426
358
286
281
162
216
137
114
11
250
310
88
80
59
473
459
68
237
312
259
402
367
264
355
422
500
486
53
194
128
358
62
434
162
54
70
262
500
331
95
185
108
192
322
481
376
371
436
279
65
347
487
21
184
495
208
441
108
460
49
272
216
66
117
444
392
286
259
269
238
188
207
286
17
315
246
12
294
457
352
82
133
485
405
82
121
443
459
369
491
283
130
291
393
192
64
369
306
143
231
349
406
447
237
474
377
257
90
204
94
32
442
104
485
421
127
449
22
5
227
447
323
83
148
165
191
392
159
38
420
180
293
467
184
471
282
204
154
81
461
464
354
426
423
307
461
320
98
352
409
127
361
327
382
275
272
452
119
233
174
360
290
203
434
446
79
300
149
52
66
468
309
44
345
347
189
171
184
485
337
119
114
486
118
69
269
38
0
117
497
446
10
492
68
93
291
139
463
45
106
55
415
41
370
270
301
133
148
179
27
1
103
37
303
322
120
281
137
139
113
496
163
122
466
397
212
5
124
384
26
196
263
300
360
469
450
155
273
409
202
309
479
423
232
303
497
317
49
40
315
298
455
354
382
107
266
446
52
173
148
184
251
294
386
247
26
317
232
420
61
234
357
461
80
337
360
458
97
131
126
270
123
49
100
1
63
5
254
357
485
99
234
64
225
158
22
187
188
199
399
75
155
260
94
311
244
12
398
429
353
137
22
25
124
466
486
285
257
307
221
146
417
436
20
232
491
445
378
280
44
443
114
16
144
318
96
122
259
414
276
357
61
129
257
95
145
61
191
168
401
247
47
432
287
34
431
16
15
144
42
232
76
66
141
381
106
368
367
385
472
106
282
73
288
207
269
129
454
235
210
272
136
441
451
4
159
247
147
30
359
410
170
302
320
166
214
190
125
338
89
102
197
185
82
239
83
230
489
92
93
418
205
235
27
105
78
187
224
309
363
38
164
159
73
452
491
438
298
32
88
331
180
332
180
361
42
418
285
56
431
94
106
267
319
90
413
472
425
76
462
192
108
176
433
357
230
81
115
193
283
476
316
118
457
442
50
444
409
228
424
286
380
462
38
126
140
68
3
131
132
314
396
408
201
41
382
119
447
110
46
91
171
286
258
81
248
301
428
56
48
474
144
23
17
245
36
78
404
227
403
40
393
210
247
443
350
60
146
235
220
115
289
94
21
158
207
111
449
53
210
182
290
317
477
203
441
164
409
153
207
326
277
484
91
219
492
77
294
270
5
61
474
145
280
241
112
172
185
443
273
410
133
431
74
240
300
354
122
364
179
319
85
44
179
419
148
147
372
274
463
258
481
396
336
32
5
29
102
288
214
267
128
473
408
144
274
248
416
46
31
290
63
307
454
234
84
474
225
138
342
348
214
460
489
136
487
415
188
397
487
181
46
389
315
16
246
349
388
357
107
384
464
159
52
108
441
459
211
138
305
40
109
411
7
384
281
126
164
5
15
407
438
191
197
457
48
312
405
82
419
208
226
355
432
325
326
244
452
260
471
133
215
213
369
84
270
101
495
268
280
353
332
296
64
496
125
289
428
278
27
81
327
186
226
176
406
332
345
420
369
457
112
259
154
172
0
6
61
246
175
20
418
437
175
205
111
164
493
347
255
234
67
423
88
121
151
403
128
33
56
444
177
161
52
19
52
446
93
243
146
471
35
135
70
1
323
462
402
152
118
324
318
481
265
124
318
104
320
271
144
65
178
37
158
187
94
497
477
222
491
106
45
296
222
289
87
430
107
5
230
382
186
309
427
472
360
136
223
108
12
429
112
3
234
349
234
486
406
255
95
72
90
259
416
303
12
330
310
479
313
238
295
489
307
29
283
94
7
426
102
427
427
457
478
220
130
181
236
65
443
353
299
223
417
294
425
83
206
195
477
123
55
75
434
284
109
280
293
161
98
272
297
454
313
373
490
37
109
385
217
29
474
188
470
327
388
345
473
259
390
119
30
46
386
273
21
47
332
173
83
210
14
334
440
107
290
153
189
90
241
245
62
171
134
484
305
252
443
30
390
389
419
8
126
286
396
372
331
196
40
36
34
491
119
366
433
300
251
213
159
94
238
417
211
387
55
201
132
329
54
261
489
52
248
49
354
160
434
181
458
325
479
252
132
358
87
341
387
254
248
24
238
260
200
258
446
3
82
149
53
478
84
129
289
249
175
201
197
32
141
316
152
243
47
221
338
395
352
491
493
174
252
247
493
374
332
296
319
67
184
351
152
186
204
11
204
295
102
298
222
226
305
107
429
414
7
277
72
258
411
393
271
84
292
336
165
437
407
366
63
53
224
97
144
386
353
266
176
294
374
79
179
140
317
280
202
302
273
89
194
131
471
258
24
270
116
392
118
145
157
160
112
117
468
138
471
16
81
34
426
140
378
424
74
261
374
421
97
374
37
284
285
396
286
151
103
366
325
379
379
91
151
342
308
234
66
289
171
28
276
187
421
401
200
31
201
157
0
480
435
188
400
153
75
148
376
125
259
151
235
341
113
76
18
257
47
87
432
429
456
16
209
280
99
73
243
168
127
142
191
415
368
417
423
323
39
160
11
361
228
91
7
247
103
12
482
81
119
263
348
454
285
475
216
180
123
121
383
477
208
429
412
52
455
491
1
441
258
47
228
34
429
255
191
191
302
228
167
449
345
70
179
369
234
283
12
126
423
169
69
361
426
177
94
88
77
453
167
38
435
93
184
140
155
309
28
412
166
349
193
137
120
110
282
77
74
319
350
49
449
235
204
415
468
202
390
126
304
470
82
55
78
163
35
85
250
346
302
279
85
271
372
377
426
86
294
142
386
176
52
118
21
368
358
482
251
472
155
352
348
441
37
150
49
456
247
179
399
72
89
18
44
60
64
477
347
334
306
448
184
12
214
107
78
116
449
152
286
411
466
45
230
281
427
101
449
221
491
32
60
315
213
403
239
157
415
197
431
229
309
71
385
472
231
56
149
149
315
56
320
341
419
426
261
421
250
172
313
52
67
37
324
319
151
133
464
161
450
198
230
244
70
286
343
449
304
280
383
132
37
185
86
20
444
296
271
51
486
318
490
34
306
97
4
103
307
264
150
107
422
238
369
430
10
94
304
485
375
464
400
500
464
65
45
170
64
214
355
44
317
118
100
229
174
6
468
11
119
329
189
3
277
176
11
230
412
219
494
229
363
238
5
372
236
338
328
453
63
395
189
330
46
83
345
432
180
131
483
389
451
475
446
6
69
394
402
104
474
197
476
171
350
90
386
238
175
474
379
81
106
314
351
416
176
462
63
9
365
203
32
326
468
197
195
94
42
464
422
305
162
17
285
458
159
199
433
270
20
172
40
124
186
387
27
102
225
288
195
205
74
349
378
210
343
348
393
334
364
134
426
193
478
426
378
371
47
418
477
406
72
403
382
181
239
329
292
46
343
404
411
41
164
401
290
391
356
407
386
382
186
224
313
60
164
250
323
73
63
218
445
170
385
300
353
285
179
12
32
381
345
325
120
256
345
104
230
26
280
56
361
9
364
328
234
155
286
104
312
392
272
185
334
383
97
499
480
144
452
48
52
268
294
337
278
325
97
331
319
69
391
234
321
44
332
60
238
301
500
366
354
386
173
184
59
355
316
44
337
92
321
373
333
29
414
314
411
49
284
168
228
173
148
482
224
72
132
304
262
137
360
323
68
202
231
94
213
420
247
491
199
413
481
140
342
397
89
196
388
411
302
453
172
358
372
381
419
362
109
15
250
195
110
367
132
116
126
391
167
455
325
70
423
273
453
486
198
38
429
25
100
147
192
200
494
191
212
31
65
335
458
316
472
52
408
420
228
416
445
89
490
191
178
310
266
5
246
376
396
96
182
113
277
142
34
242
78
458
448
326
263
228
116
274
43
297
272
102
190
425
443
481
131
400
338
88
55
495
374
376
413
437
269
102
191
473
33
187
129
322
272
61
456
436
430
51
231
296
451
211
254
487
65
269
348
241
157
196
34
474
161
118
239
21
476
280
416
304
463
25
428
209
16
77
361
305
422
450
222
390
290
457
151
116
144
492
324
450
22
275
191
296
135
361
16
87
171
468
446
190
497
480
140
271
271
239
400
157
152
237
133
302
231
237
384
160
333
371
346
83
389
108
10
377
340
47
452
220
322
32
37
480
446
16
389
98
94
119
42
487
118
5
290
355
244
12
123
117
354
259
260
128
162
206
475
145
404
304
255
281
346
243
238
389
69
169
133
259
458
297
12
70
303
492
335
348
313
164
49
229
244
289
267
422
104
439
324
139
145
463
347
246
112
162
169
281
110
204
56
364
429
448
492
493
186
208
303
58
465
313
322
330
467
328
253
82
483
179
292
431
255
94
250
414
379
319
260
192
449
445
70
397
405
124
205
212
273
363
488
79
373
145
424
4
31
107
30
233
73
391
32
40
296
218
388
163
11
330
313
332
40
305
470
236
349
100
487
391
51
326
283
500
404
284
458
337
439
127
481
399
42
182
74
147
71
50
472
97
392
315
204
431
205
337
204
168
146
97
290
75
33
264
180
475
236
314
179
147
161
43
194
488
63
397
114
164
417
5
324
474
228
128
308
156
419
405
132
118
56
478
49
341
54
147
305
67
163
101
172
123
378
229
255
70
207
155
91
134
452
134
415
58
45
139
339
452
324
127
98
174
354
54
22
438
471
225
163
131
271
183
410
385
494
12
249
143
382
220
249
141
497
223
47
430
256
444
52
135
74
318
202
278
279
418
246
305
460
459
118
355
474
241
110
259
85
309
204
32
250
361
458
192
222
128
252
132
149
175
54
292
373
270
314
189
394
412
185
128
359
143
219
188
461
225
63
426
76
51
447
32
50
9
35
333
285
476
257
305
168
320
24
399
28
363
106
85
51
273
450
395
496
53
42
250
466
465
44
83
10
84
365
231
37
44
401
118
256
359
460
251
170
374
178
423
55
448
117
133
227
271
243
117
34
108
208
374
18
24
500
306
58
273
139
495
55
116
58
206
273
317
351
284
421
468
239
306
278
125
293
105
369
307
48
451
9
53
263
115
147
401
395
48
182
185
399
37
340
389
164
144
332
288
164
417
440
348
13
106
276
451
212
203
91
149
374
424
244
397
53
445
12
162
437
252
490
85
328
176
350
468
45
485
9
16
417
152
5
492
281
184
443
183
90
414
129
299
34
131
266
260
169
246
244
20
85
171
362
27
100
153
273
6
108
367
347
101
392
147
337
404
128
435
222
335
230
123
108
428
129
390
29
274
331
135
476
191
0
186
308
407
102
375
161
461
109
55
388
88
343
478
77
27
20
169
443
357
432
132
84
168
475
113
295
144
288
30
260
454
329
387
188
221
183
410
361
377
353
433
240
221
157
490
400
396
66
170
371
119
440
190
49
79
401
36
52
5
493
9
166
282
401
387
286
194
252
254
227
127
203
58
102
118
213
300
84
485
434
439
347
442
59
347
135
223
12
452
252
78
102
190
196
328
284
308
357
268
350
72
488
482
428
175
22
291
152
179
432
228
471
434
314
105
191
205
128
131
36
480
187
10
6
395
189
184
440
411
352
173
120
386
220
182
251
142
188
274
249
395
162
349
92
227
303
114
305
38
46
96
272
3
383
98
324
21
474
434
234
332
253
156
384
351
243
359
248
214
46
77
408
433
374
398
236
208
235
430
31
254
101
155
266
465
99
263
492
480
317
331
182
211
128
20
105
294
477
69
273
270
436
104
416
376
112
123
248
221
150
409
82
249
2
58
354
313
206
301
225
436
353
35
325
275
331
406
314
188
179
127
228
88
432
276
261
275
45
293
83
492
56
330
70
36
447
177
466
332
142
113
60
76
145
257
176
312
160
331
26
171
88
13
263
253
490
129
480
377
45
28
402
36
239
379
289
496
301
459
201
1
483
470
160
341
168
311
327
181
103
170
233
480
253
120
32
270
105
330
262
370
327
141
109
462
346
5
177
481
427
95
433
338
54
132
74
397
399
254
50
117
435
372
306
354
483
387
241
447
383
337
241
484
228
361
342
129
346
460
440
301
242
2
136
197
232
237
142
493
50
201
248
175
359
345
197
398
47
423
300
108
122
270
361
143
81
482
414
59
94
208
130
417
122
40
342
75
422
184
449
153
325
10
45
166
156
29
48
37
306
303
159
15
382
337
471
105
171
432
83
430
361
61
360
8
421
176
446
288
74
303
321
397
21
39
125
210
140
306
281
147
208
227
171
107
150
410
323
229
34
9
443
45
404
488
165
251
493
499
92
72
439
271
277
226
1
84
134
67
316
349
108
441
22
26
213
437
206
324
449
263
311
135
265
452
354
81
8
173
32
23
150
357
45
19
158
500
175
43
101
328
39
196
221
368
231
285
425
166
66
499
135
205
291
111
305
438
51
26
209
160
146
90
77
41
303
483
161
407
64
334
192
133
365
40
341
103
71
232
366
359
27
287
14
11
274
144
310
365
383
316
141
347
118
412
109
485
318
16
115
304
445
368
56
249
130
99
150
456
103
211
359
495
145
57
108
84
357
451
311
92
418
150
366
465
137
332
436
199
216
160
154
215
380
120
128
198
167
111
71
92
428
480
444
72
453
95
312
23
184
280
363
453
246
383
108
398
246
171
113
14
289
326
198
195
405
307
493
342
84
475
309
171
157
54
211
387
497
382
479
1
293
385
312
352
415
23
83
71
414
358
349
300
436
177
383
395
356
6
348
365
103
494
321
354
97
60
495
203
66
304
346
356
211
286
204
73
477
402
11
467
450
301
335
113
123
118
188
475
281
76
93
157
392
431
351
279
101
139
398
61
337
408
408
280
7
264
228
68
204
363
368
123
334
338
221
77
449
68
79
360
306
83
189
192
266
387
385
206
436
419
25
471
347
189
91
199
308
281
334
459
168
210
446
374
320
3
489
334
335
287
457
344
309
492
454
425
220
123
311
295
60
337
269
265
328
404
272
318
410
462
110
350
143
148
131
170
452
324
494
467
198
479
398
495
163
275
262
495
375
399
198
184
384
25
23
99
180
136
168
480
418
491
326
493
361
348
273
413
394
405
61
27
443
442
98
317
308
103
196
368
413
314
379
372
457
334
116
126
117
23
300
134
154
441
498
437
315
386
212
176
61
308
328
346
299
364
207
121
39
432
128
414
390
297
202
431
286
26
184
121
256
284
447
396
170
232
486
332
130
359
265
298
382
99
485
274
228
19
135
47
254
236
172
40
411
498
385
499
85
230
25
197
22
109
350
296
190
234
42
395
60
453
145
437
152
206
340
491
295
477
369
38
378
181
401
3
303
196
296
481
299
206
354
403
83
289
136
424
306
288
292
182
211
215
88
387
225
409
314
186
279
319
312
352
274
321
490
21
200
488
131
125
159
207
436
195
309
187
433
436
80
136
144
472
402
155
417
146
21
417
268
273
225
38
156
295
141
13
321
240
317
486
405
329
133
243
37
426
444
71
323
315
94
11
222
252
13
384
484
468
371
75
334
463
28
281
101
218
198
143
413
352
391
41
288
295
462
468
301
77
387
451
462
28
129
481
461
436
292
260
167
100
17
261
428
452
377
338
241
243
214
295
94
463
140
490
282
458
108
210
57
338
54
253
435
83
380
268
197
326
391
390
450
94
463
488
95
169
98
264
67
346
121
85
420
163
417
155
16
493
117
343
401
339
269
222
318
322
239
377
243
48
80
299
280
141
114
253
380
186
209
29
238
213
465
200
412
250
15
494
319
36
184
63
349
9
160
478
113
218
361
181
198
143
25
79
269
107
58
173
35
342
52
15
479
467
302
80
228
319
491
484
211
253
303
253
54
342
85
338
416
290
35
474
396
470
319
239
435
213
216
6
207
390
442
491
192
27
16
69
150
202
260
102
353
67
204
38
464
114
72
312
295
373
274
291
194
28
211
218
226
259
231
363
222
253
377
184
441
202
280
254
258
81
448
92
268
254
468
62
99
307
471
40
486
201
221
420
468
342
21
303
157
346
429
447
12
179
350
248
298
288
406
226
427
154
228
334
85
226
144
132
342
19
194
276
480
59
355
325
116
197
181
279
15
145
375
391
332
448
40
42
451
259
240
83
187
455
166
33
81
93
465
443
349
100
284
491
213
378
424
497
243
105
442
135
160
358
377
272
274
433
235
110
175
199
163
254
482
238
335
86
456
348
319
303
466
160
291
245
305
378
449
400
62
190
260
115
473
356
468
48
296
466
171
399
172
343
93
209
225
103
211
56
37
264
404
210
88
238
314
161
311
434
286
4
97
364
492
151
79
80
475
166
316
124
293
229
105
23
19
210
238
185
101
408
381
210
143
215
289
406
367
47
482
250
391
426
47
303
139
499
140
488
407
446
108
479
54
490
334
409
305
314
449
205
13
420
388
422
4
378
174
220
432
287
446
498
344
389
466
12
199
131
111
42
325
444
251
48
477
114
261
50
335
94
28
217
16
216
287
388
141
446
32
68
350
131
483
366
77
195
245
87
260
498
324
304
67
188
222
478
368
49
475
101
248
198
175
473
62
485
85
87
302
402
375
412
308
500
368
414
127
442
256
24
50
367
160
240
169
25
1
129
390
8
244
202
86
414
455
44
262
7
77
409
424
210
463
157
482
419
144
438
478
224
164
137
1
161
497
17
296
36
129
84
69
403
210
477
298
466
353
390
475
390
362
214
252
417
8
189
474
115
294
402
448
376
117
20
414
338
79
124
347
471
248
181
426
5
126
9
173
325
173
280
13
340
378
490
301
105
428
112
330
448
277
42
133
232
330
337
12
289
407
378
362
444
437
332
282
171
10
449
85
33
162
310
243
219
67
17
36
169
226
153
409
145
154
19
24
54
276
262
145
364
387
195
441
282
6
181
247
100
475
480
457
453
217
137
464
77
243
262
107
204
130
337
279
457
189
78
117
184
233
455
86
68
262
307
332
475
364
31
482
128
132
83
376
57
385
167
277
151
223
112
54
454
381
471
39
185
312
296
391
385
324
279
275
61
447
131
400
5
431
437
87
139
39
294
280
118
494
324
452
307
92
462
225
469
297
13
356
82
446
71
169
394
402
334
243
152
336
374
330
295
73
1
14
130
46
195
81
285
275
165
333
5
30
425
387
63
63
484
172
62
431
120
363
127
34
216
409
441
271
254
97
328
113
198
303
390
291
268
190
73
416
282
332
250
355
244
499
183
219
419
197
490
410
466
361
216
309
293
196
248
337
380
223
269
357
432
11
469
399
500
67
451
444
113
465
480
278
145
383
125
124
175
357
53
469
407
396
309
20
289
113
208
219
58
193
158
372
337
490
94
51
203
41
365
331
367
380
402
176
70
30
302
63
422
187
204
323
306
380
13
493
23
291
393
230
303
443
69
418
461
332
281
53
26
141
57
340
460
73
167
349
156
50
124
311
49
127
422
232
33
137
364
443
430
37
318
381
54
83
126
20
345
219
350
190
402
32
499
179
323
493
249
245
382
468
293
440
29
156
253
423
223
124
47
191
149
379
488
312
399
65
288
322
400
2
271
24
282
37
401
294
64
332
280
168
488
375
318
497
133
458
443
371
137
357
304
167
109
383
350
173
91
133
375
148
228
151
305
73
168
272
464
478
68
84
99
267
263
112
390
458
334
56
463
258
212
322
169
80
394
88
246
207
134
414
391
47
148
69
187
339
118
90
114
270
453
177
144
317
452
392
426
135
83
101
320
351
341
160
147
255
180
413
490
64
196
131
158
13
398
276
467
123
246
460
234
208
116
14
200
486
249
400
303
369
372
15
367
351
344
211
154
434
215
212
247
477
122
275
125
421
442
332
22
432
342
208
287
448
268
414
385
300
468
315
314
329
419
251
81
66
479
426
113
197
198
206
318
56
432
412
273
79
276
441
245
369
80
104
195
370
196
43
379
267
281
223
109
399
386
210
125
424
403
416
392
415
195
214
394
102
370
367
496
327
407
459
258
396
112
346
49
248
464
266
322
97
157
245
40
416
265
417
456
472
66
368
340
476
341
354
385
8
466
196
494
462
149
458
110
477
438
209
485
84
301
397
194
271
171
226
2
260
262
156
394
358
345
285
209
166
279
352
324
129
395
387
17
247
492
241
246
231
51
134
80
34
217
375
382
311
218
235
193
199
86
0
463
136
6
72
275
295
375
99
86
461
81
199
265
463
427
105
314
133
394
385
199
416
492
409
351
380
213
318
483
490
171
198
286
115
455
306
116
380
82
263
225
199
436
119
298
242
0
334
346
405
32
316
190
494
290
426
282
30
376
427
176
163
154
307
287
343
407
435
253
205
11
268
333
154
382
300
174
91
469
165
389
31
257
215
484
77
454
325
301
489
164
116
317
126
46
382
388
255
42
256
460
178
136
465
387
419
340
173
275
246
242
67
52
461
192
392
450
37
83
341
171
465
170
88
263
281
474
27
402
221
420
310
344
46
361
256
287
390
113
466
218
303
151
220
170
429
190
50
498
218
228
44
459
101
194
375
146
70
479
151
403
118
310
271
488
33
1
322