-4.5
235.5
373.5
30
112.5
-50.25
281.25
150.75
263.25
19.5
136.5
74.25
79.5
273
265.5
-34.5
265.5
238.5
33
-27.75
149.25
80.25
40.5
239.25
264
-25.5
263.25
232.5
264.75
317.25
-45.75
205.5
276
216
-66.75
21.75
-21.75
318
158.25
225
125.25
359.25
231
192
179.25
102
-47.25
161.25
227.25
35.25
1.5
161.25
319.5
123
-23.25
184.5
320.25
302.25
252
22.5
116.25
32.25
350.25
135
169.5
346.5
205.5
-24
129
93.75
344.25
306
369
193.5
-12
135
-27.75
325.5
317.25
116.25
298.5
367.5
318
89.25
-75
27
57
278.25
30
105.75
75.75
282
-21.75
173.25
-35.25
249
141.75
263.25
321.75
8.25
281.25
149.25
237.75
216
243
-50.25
322.5
312
88.5
255.75
-1.5
264.75
43.5
-11.25
345
-72.75
-72.75
319.5
-33
54
10.5
69.75
115.5
-27
352.5
353.25
273
258.75
53.25
126.75
176.25
-4.5
169.5
195.75
366
238.5
237
4.5
242.25
361.5
123.75
-62.25
168.75
70.5
115.5
39
264
-30
21
213.75
287.25
263.25
312
122.25
348.75
254.25
311.25
100.5
276
31.5
176.25
156
54
48
171
34.5
136.5
228.75
-69
75
15
27.75
230.25
158.25
200.25
358.5
-45.75
69.75
-57
-28.5
-42
168.75
256.5
324.75
33.75
259.5
87
77.25
68.25
285
-66
95.25
168
-63
267.75
175.5
-54
357.75
27
154.5
291.75
355.5
-72
126.75
215.25
41.25
60
88.5
269.25
336
212.25
158.25
109.5
344.25
-23.25
192.75
97.5
234.75
-25.5
210.75
324
90
-29.25
228
-2.25
201
267.75
270
162.75
-7.5
107.25
-5.25
59.25
126
310.5
364.5
126
260.25
118.5
15.75
5.25
324
-38.25
114.75
67.5
-63
19.5
-13.5
86.25
-14.25
298.5
286.5
249.75
96.75
332.25
63
97.5
310.5
256.5
-0.75
256.5
27
375
331.5
115.5
-6
-24.75
357.75
217.5
297.75
240.75
275.25
69.75
-25.5
202.5
-42.75
333
24
274.5
327
21.75
-37.5
18
165.75
291
-44.25
18.75
65.25
341.25
102
168
-58.5
237
-7.5
291
227.25
-16.5
287.25
101.25
264.75
33.75
80.25
231
-73.5
311.25
84.75
-53.25
93
188.25
145.5
277.5
352.5
221.25
308.25
35.25
287.25
367.5
270
315
217.5
140.25
222.75
324.75
215.25
264
102
372.75
24.75
197.25
253.5
13.5
-7.5
260.25
46.5
221.25
344.25
46.5
-29.25
204.75
142.5
323.25
44.25
325.5
18.75
297.75
231.75
59.25
301.5
48.75
267
326.25
369.75
-25.5
281.25
-67.5
-54.75
267.75
29.25
267.75
111
108.75
150.75
-58.5
9.75
196.5
-12
-51
273.75
269.25
51
75
338.25
179.25
-2.25
286.5
144.75
162.75
354.75
336
89.25
288
297
72
-44.25
193.5
57
-17.25
26.25
306
-75
63
36.75
-22.5
-3
72.75
120
123
-23.25
-25.5
-36
210
118.5
311.25
208.5
6.75
13.5
152.25
231.75
105
261.75
117
289.5
300.75
255.75
327.75
5.25
-52.5
48
144.75
145.5
258
53.25
346.5
218.25
123.75
-28.5
-9.75
86.25
199.5
-15.75
288.75
242.25
123.75
249
132.75
105
340.5
183
224.25
6
214.5
204.75
233.25
177
264.75
263.25
272.25
294.75
106.5
0.75
6
-6.75
240
153
107.25
213.75
72.75
214.5
186.75
106.5
126
-73.5
326.25
-10.5
332.25
231
-63
93
35.25
349.5
120.75
366
33
216
107.25
141
357.75
-72
9
128.25
279
215.25
182.25
-58.5
39
153
219
190.5
143.25
329.25
61.5
70.5
288.75
-37.5
174.75
-24.75
185.25
42.75
-2.25
-53.25
316.5
117
17.25
170.25
345
73.5
183.75
105
149.25
95.25
-50.25
191.25
118.5
279.75
208.5
337.5
-70.5
35.25
-33
183.75
300
-26.25
129
11.25
-21.75
-33.75
133.5
35.25
186.75
6.75
210
228
332.25
264.75
140.25
27.75
201.75
356.25
360.75
293.25
36
366
213.75
321
345.75
94.5
115.5
165.75
162.75
-68.25
313.5
-65.25
321.75
290.25
218.25
226.5
195
36
22.5
150.75
13.5
375
141.75
339
-56.25
182.25
249
216.75
-18
21
147.75
293.25
250.5
275.25
174.75
151.5
220.5
-63
237
209.25
-42
372
223.5
166.5
28.5
86.25
83.25
189.75
83.25
20.25
174
231
259.5
34.5
306.75
144
275.25
204.75
205.5
-20.25
-12.75
346.5
127.5
93.75
-65.25
111.75
343.5
90
324
255.75
129.75
-48.75
357.75
104.25
317.25
242.25
332.25
318.75
207.75
326.25
19.5
87.75
-48.75
282.75
-74.25
221.25
93.75
219.75
228
42.75
33.75
303.75
259.5
89.25
240
299.25
234.75
146.25
85.5
249.75
71.25
312
243.75
-16.5
-18.75
-41.25
101.25
352.5
201.75
70.5
105.75
141.75
124.5
176.25
-66.75
46.5
15
-60
112.5
210.75
255.75
22.5
222.75
180
184.5
-6.75
-24.75
348.75
243
75
136.5
351
264
33.75
270
331.5
-60.75
129
-75
32.25
38.25
186
255
68.25
-72
318.75
195
-60
98.25
-33
194.25
234
85.5
235.5
-17.25
87
10.5
222
175.5
-74.25
279
291
364.5
-1.5
345
150.75
265.5
202.5
288.75
349.5
168.75
332.25
130.5
-3.75
79.5
0
219
314.25
58.5
44.25
92.25
157.5
-60.75
215.25
22.5
-69.75
297
98.25
261.75
126.75
316.5
111
39.75
108.75
139.5
343.5
222
136.5
-27
-46.5
194.25
65.25
246.75
-69.75
-15.75
346.5
288.75
303.75
298.5
130.5
222
240.75
21.75
327
250.5
-34.5
337.5
17.25
37.5
77.25
233.25
-45.75
276
128.25
220.5
-60.75
36
166.5
109.5
372
187.5
194.25
177.75
-9
222
-43.5
94.5
117.75
282.75
198
133.5
207.75
363
-72
274.5
171
50.25
68.25
-45.75
61.5
13.5
308.25
304.5
353.25
144
320.25
223.5
323.25
348.75
-3
208.5
265.5
226.5
-47.25
89.25
113.25
332.25
192.75
246
217.5
240.75
280.5
201.75
91.5
50.25
298.5
122.25
340.5
312.75
-37.5
49.5
141.75
-0.75
268.5
-56.25
176.25
125.25
252.75
-9.75
-63
90.75
251.25
-66
-48
4.5
-72
38.25
43.5
96
123.75
276.75
243.75
-70.5
192
294
-34.5
128.25
254.25
54.75
146.25
348.75
-28.5
-29.25
253.5
89.25
207
153
176.25
242.25
165.75
44.25
89.25
372
282.75
261.75
14.25
114.75
68.25
-73.5
268.5
322.5
-21
44.25
201
325.5
-2.25
192
211.5
190.5
370.5
-3.75
15
141
229.5
303
85.5
220.5
-7.5
237
61.5
204
192
132
150
350.25
-14.25
223.5
164.25
211.5
213
117
-6.75
56.25
299.25
0.75
-6
53.25
15
3
249.75
131.25
143.25
229.5
99.75
354
-60
63
182.25
102
190.5
373.5
128.25
88.5
-57.75
72.75
322.5
212.25
89.25
-39.75
-57
-69.75
194.25
238.5
-41.25
104.25
241.5
246
348
63.75
102
24
-9.75
-9
7.5
23.25
-3
238.5
-50.25
216
9.75
276.75
4.5
195.75
211.5
-45.75
189.75
31.5
128.25
224.25
137.25
7.5
-29.25
257.25
145.5
63
349.5
-46.5
301.5
188.25
20.25
109.5
126.75
123
203.25
257.25
-27.75
291
210.75
87.75
308.25
156
-20.25
-1.5
196.5
342.75
266.25
58.5
-60.75
292.5
33.75
111.75
-60.75
-0.75
109.5
59.25
213.75
72.75
354
-72.75
164.25
157.5
75.75
89.25
303
204
59.25
339
82.5
-3.75
274.5
-46.5
108
341.25
12
348
23.25
317.25
116.25
136.5
97.5
157.5
246
81.75
312.75
-31.5
135
40.5
171
316.5
-33
0.75
90.75
210.75
105
12
327.75
24
81
30.75
270.75
249.75
338.25
146.25
53.25
103.5
257.25
-64.5
267.75
213
228
91.5
145.5
297
45.75
24
-48
48
126.75
105.75
64.5
92.25
96
270.75
114.75
99.75
192
123
278.25
155.25
328.5
107.25
45.75
210.75
24.75
255
207.75
145.5
81.75
353.25
225
39.75
108.75
190.5
246
135.75
257.25
48.75
115.5
356.25
139.5
37.5
-72
-66
-43.5
48.75
335.25
201
243.75
330
176.25
9
219.75
312.75
-31.5
70.5
7.5
-36.75
200.25
189
333.75
150.75
-10.5
3
-21
-47.25
231.75
80.25
194.25
27.75
349.5
-42.75
339.75
-4.5
325.5
-34.5
-73.5
249.75
-74.25
229.5
222
27.75
116.25
98.25
156
126
169.5
339
239.25
147
-9.75
52.5
294
0.75
337.5
345
-39.75
233.25
237.75
138
66
178.5
-38.25
199.5
306.75
-43.5
-2.25
32.25
-33.75
348.75
13.5
-3
-67.5
252
23.25
-66
159.75
139.5
286.5
-65.25
60.75
346.5
335.25
42.75
-26.25
163.5
-8.25
366.75
286.5
332.25
56.25
162.75
278.25
325.5
269.25
218.25
91.5
6.75
57.75
105
115.5
-36.75
279
287.25
321.75
301.5
82.5
-48.75
229.5
159.75
172.5
103.5
246
21.75
351.75
210.75
67.5
271.5
-1.5
-63.75
24
368.25
359.25
285.75
308.25
201
206.25
315
122.25
81.75
168
315
73.5
291.75
93
2.25
-8.25
182.25
23.25
-49.5
289.5
31.5
104.25
34.5
310.5
367.5
303.75
323.25
103.5
309.75
-6
31.5
84.75
90.75
193.5
100.5
264.75
37.5
-15
363
318.75
346.5
132.75
94.5
72
-12.75
110.25
298.5
129
66.75
23.25
163.5
355.5
122.25
142.5
98.25
62.25
179.25
366
220.5
257.25
265.5
168.75
105
143.25
164.25
-66.75
-63
318.75
168
290.25
14.25
114.75
272.25
-18.75
165
-19.5
-53.25
170.25
139.5
259.5
136.5
250.5
326.25
33
114
-7.5
-49.5
330
84
273
-8.25
82.5
312.75
318
239.25
39.75
201
196.5
67.5
253.5
138
-14.25
88.5
132.75
308.25
108
72.75
273.75
-37.5
-15.75
316.5
-2.25
312
312
286.5
197.25
290.25
26.25
-42.75
29.25
135.75
254.25
237.75
152.25
265.5
-41.25
-53.25
271.5
57.75
251.25
-9
-13.5
372.75
203.25
-37.5
-24.75
55.5
360.75
133.5
-19.5
365.25
-63.75
195.75
326.25
60.75
24.75
240.75
40.5
245.25
-25.5
356.25
345.75
266.25
292.5
148.5
190.5
333.75
362.25
338.25
-66.75
340.5
67.5
99.75
-68.25
275.25
117
30.75
166.5
311.25
278.25
-33.75
-19.5
342.75
56.25
288.75
-73.5
-59.25
-39.75
115.5
45.75
255
258.75
219.75
243
269.25
-41.25
182.25
-20.25
330.75
123.75
42.75
340.5
28.5
41.25
-46.5
252.75
156
-11.25
334.5
-17.25
153.75
337.5
243
341.25
57
56.25
116.25
51.75
-12
168.75
217.5
261.75
114
-22.5
259.5
18
119.25
-27.75
144
325.5
29.25
240.75
189
338.25
3.75
321.75
329.25
92.25
54.75
240.75
-0.75
369.75
206.25
294.75
42
166.5
36
139.5
320.25
105
141
-48.75
-54
267
168
174
-15.75
230.25
206.25
324.75
145.5
117
136.5
269.25
180.75
246
374.25
320.25
257.25
207
265.5
336
169.5
-10.5
342
279
123.75
252
-38.25
146.25
36.75
342
267.75
24
323.25
333
-21.75
-66.75
-20.25
42
119.25
201.75
223.5
244.5
58.5
345.75
-60.75
297.75
264.75
18.75
88.5
54
361.5
18
373.5
-25.5
303.75
337.5
176.25
-52.5
214.5
-23.25
-60.75
181.5
258.75
27.75
288.75
83.25
66.75
109.5
45
186.75
212.25
19.5
-44.25
158.25
279.75
-47.25
120
41.25
17.25
340.5
315
64.5
175.5
342.75
42
2.25
160.5
276
147
93
-70.5
168
243.75
217.5
-47.25
357.75
95.25
0.75
-30
230.25
219
184.5
294.75
63
345.75
71.25
-15
13.5
270.75
264
-29.25
172.5
-12
-41.25
323.25
114
150.75
236.25
-18
372.75
65.25
336
320.25
321
286.5
136.5
149.25
153.75
175.5
-39
-49.5
311.25
-43.5
297.75
-54
254.25
-12.75
231
-27
115.5
189.75
153.75
79.5
346.5
71.25
225.75
42.75
-11.25
216.75
6.75
235.5
48
7.5
195.75
-16.5
42.75
84
139.5
34.5
54
106.5
175.5
144.75
-74.25
48
-48
184.5
-52.5
351.75
8.25
151.5
-9.75
312
181.5
125.25
292.5
129
296.25
13.5
350.25
337.5
321.75
362.25
232.5
-45
232.5
187.5
59.25
-20.25
149.25
301.5
246.75
201.75
208.5
51.75
117.75
-36
276
51
186
133.5
278.25
338.25
249
150
212.25
-9.75
363
251.25
247.5
222
87
96.75
291
-71.25
272.25
263.25
295.5
25.5
231
309
268.5
16.5
367.5
63.75
1.5
-68.25
213
-18.75
255
147
224.25
156
238.5
165
-33
117.75
39
310.5
-43.5
323.25
196.5
363.75
218.25
-18.75
-46.5
182.25
139.5
99
-10.5
225.75
251.25
362.25
355.5
340.5
326.25
271.5
83.25
18.75
342.75
216.75
-43.5
90.75
280.5
117
267
172.5
370.5
50.25
162
160.5
78.75
-61.5
-12
210.75
189
231.75
301.5
136.5
346.5
249
282
178.5
87
198.75
48.75
375
134.25
-21
225
-6
260.25
369.75
60.75
66.75
97.5
45.75
141.75
333.75
-36
117
368.25
63
96
128.25
-49.5
-8.25
107.25
234
81.75
-64.5
65.25
314.25
368.25
-14.25
257.25
129.75
62.25
222
246.75
187.5
193.5
310.5
31.5
-54.75
267.75
98.25
2.25
0.75
266.25
291.75
294
274.5
-45
261.75
53.25
154.5
-67.5
369
224.25
-36
74.25
133.5
293.25
230.25
21
233.25
73.5
262.5
161.25
83.25
139.5
-45.75
12.75
276.75
360
134.25
-40.5
307.5
251.25
335.25
291.75
185.25
-34.5
15.75
264
303
20.25
230.25
65.25
256.5
22.5
283.5
-57.75
-55.5
237
58.5
305.25
154.5
167.25
6
246.75
-31.5
44.25
123
-49.5
156.75
204.75
159.75
190.5
104.25
189.75
294.75
-15
156.75
285
291
269.25
338.25
354
360
85.5
-22.5
354.75
-63
-70.5
92.25
238.5
2.25
116.25
256.5
162
207.75
-45
141
72.75
-10.5
322.5
90.75
294.75
222
53.25
-53.25
294
107.25
123
202.5
318.75
284.25
258.75
348
270.75
192
-16.5
129
234.75
33.75
98.25
268.5
213.75
10.5
300
-9.75
260.25
362.25
259.5
292.5
120.75
-4.5
221.25
69
234.75
71.25
155.25
338.25
172.5
36.75
200.25
300.75
63.75
21.75
219
-21.75
128.25
-6.75
-33
357.75
-29.25
224.25
38.25
21.75
-63
305.25
104.25
-3.75
244.5
162
300
-59.25
-55.5
202.5
267.75
290.25
333.75
-46.5
342
-36
73.5
266.25
-40.5
345.75
84
240.75
-74.25
-66
269.25
37.5
269.25
232.5
-2.25
-27.75
93
24
347.25
248.25
89.25
252
267
199.5
78
346.5
356.25
110.25
78
112.5
294.75
110.25
331.5
-0.75
116.25
349.5
53.25
211.5
-66
198.75
334.5
159
282.75
208.5
293.25
355.5
339
111.75
365.25
42
117
228.75
165
320.25
363.75
165
66
-6.75
-15.75
353.25
42.75
135.75
114
105.75
327
58.5
211.5
261
348.75
231.75
123.75
272.25
-27.75
6
358.5
-30.75
154.5
328.5
363
-17.25
8.25
318
320.25
-30.75
-37.5
267
87.75
117
-11.25
42.75
328.5
162.75
370.5
41.25
374.25
-45.75
180
223.5
321
178.5
-32.25
35.25
181.5
269.25
339.75
186.75
209.25
242.25
299.25
24.75
258
237.75
-39.75
213.75
0
47.25
167.25
-29.25
249
312
166.5
179.25
36
222
188.25
212.25
-62.25
308.25
261
208.5
245.25
199.5
166.5
292.5
332.25
154.5
-75
-72
296.25
-46.5
-58.5
9
-74.25
223.5
125.25
-45.75
119.25
117.75
287.25
296.25
135
343.5
-62.25
323.25
181.5
-27.75
79.5
175.5
288
201.75
231.75
-66
193.5
77.25
229.5
297.75
168
-36.75
276
181.5
174
-14.25
263.25
327.75
-42
155.25
150
315.75
147
154.5
-59.25
270
-33.75
138
125.25
154.5
11.25
236.25
357
321.75
329.25
213.75
167.25
190.5
74.25
186.75
363.75
179.25
133.5
308.25
297
211.5
36.75
-13.5
149.25
-63.75
279.75
-38.25
-35.25
42
6
135
-62.25
249.75
233.25
45
54.75
48.75
8.25
46.5
251.25
-12.75
23.25
231.75
221.25
257.25
43.5
225.75
312
238.5
282.75
-15
216
133.5
48.75
198
22.5
-51.75
84
-56.25
17.25
49.5
170.25
104.25
50.25
123
41.25
-17.25
58.5
81.75
371.25
-48
250.5
243.75
161.25
99.75
12
-14.25
63
-5.25
365.25
178.5
66
297
66.75
240
175.5
213.75
43.5
-56.25
106.5
39
314.25
18.75
-21.75
25.5
265.5
220.5
177.75
24
169.5
-23.25
283.5
198
264.75
63.75
94.5
219
342.75
122.25
326.25
129.75
-38.25
21.75
344.25
138.75
-12
128.25
78
-32.25
-27.75
175.5
88.5
342
372
211.5
-5.25
16.5
84.75
189
355.5
136.5
-49.5
28.5
251.25
-10.5
223.5
-7.5
307.5
372.75
256.5
249.75
76.5
-18.75
133.5
258
-15.75
57.75
-21.75
324
345.75
197.25
-8.25
198.75
-51
322.5
342.75
100.5
125.25
141
247.5
132.75
133.5
369.75
148.5
54.75
90
272.25
237
62.25
344.25
-41.25
183.75
235.5
150.75
180.75
-71.25
-8.25
300
299.25
287.25
-12.75
274.5
46.5
-46.5
50.25
342
231
33
42.75
65.25
67.5
331.5
173.25
-50.25
73.5
208.5
290.25
78
106.5
137.25
-27
243
51
225
18
174.75
-48.75
75
255
7.5
350.25
108
238.5
140.25
-48
-17.25
186.75
176.25
-33.75
38.25
182.25
185.25
330.75
256.5
-6
255
298.5
-6
44.25
134.25
120
368.25
30.75
367.5
140.25
368.25
9
217.5
313.5
213.75
265.5
-39.75
0
69.75
12.75
326.25
166.5
93
198
80.25
-12
252.75
120
356.25
159.75
348
364.5
224.25
-39
164.25
146.25
202.5
333
123
136.5
-0.75
188.25
273
227.25
100.5
186
12.75
321
-25.5
188.25
290.25
264
-51.75
171.75
-70.5
334.5
262.5
-30.75
308.25
281.25
321.75
10.5
212.25
75
-15
346.5
28.5
325.5
307.5
-66
277.5
222.75
308.25
170.25
-51
343.5
-15
-48
191.25
321
41.25
180.75
124.5
81.75
102
99
-55.5
367.5
363
297
17.25
340.5
79.5
325.5
351
300.75
83.25
117
3
198.75
175.5
57.75
267.75
43.5
-18.75
206.25
57.75
45
-57
114.75
87.75
340.5
-39
137.25
85.5
24.75
323.25
105.75
237
111.75
126
297.75
360
329.25
81.75
102
61.5
307.5
213.75
312
18
-12.75
260.25
353.25
324.75
279
177.75
-33.75
13.5
273.75
-68.25
-2.25
243
51.75
2.25
102
225
-54.75
-70.5
339
75.75
316.5
308.25
297
228.75
-30.75
210.75
192.75
36
259.5
-35.25
170.25
-72
196.5
6
165.75
133.5
-65.25
-60.75
321.75
252.75
-35.25
360
363.75
108.75
-58.5
155.25
150
84.75
123
110.25
84.75
56.25
243
225.75
81.75
217.5
-12
297
133.5
138
102.75
345
273.75
60.75
235.5
81
-18
15
191.25
273
156
357
339.75
-73.5
186.75
267.75
57.75
174.75
78.75
291
294
-17.25
60
337.5
51.75
26.25
222
174.75
-59.25
48
63
49.5
-60.75
282.75
300
126.75
154.5
354
281.25
189.75
178.5
27
242.25
331.5
51.75
68.25
156
366
171
191.25
-69.75
261.75
22.5
362.25
222
252.75
154.5
137.25
294
234.75
276.75
21.75
125.25
61.5
-32.25
373.5
0
90
-6.75
374.25
-15.75
119.25
129.75
330
70.5
-63.75
-15.75
157.5
-15.75
-54.75
340.5
242.25
271.5
225
56.25
121.5
-33
249
272.25
192
-27
123.75
267.75
-55.5
-45
87
269.25
-13.5
81.75
201
86.25
101.25
316.5
107.25
135
216
217.5
-60
305.25
52.5
168.75
-72
341.25
128.25
98.25
-43.5
-42
87
270.75
63
263.25
33
204.75
263.25
120
94.5
244.5
335.25
111.75
306.75
345.75
276
232.5
318
90
210.75
-24.75
108
207
194.25
68.25
-27
231
-45
193.5
90
-66.75
-23.25
245.25
18.75
34.5
129.75
313.5
155.25
-5.25
147
101.25
227.25
238.5
188.25
34.5
366
18
-56.25
286.5
31.5
-17.25
48
294
44.25
148.5
93.75
164.25
-5.25
336
-65.25
-74.25
86.25
198.75
42
4.5
81
123.75
130.5
76.5
-69.75
304.5
367.5
276.75
358.5
276.75
-55.5
-52.5
251.25
157.5
-17.25
43.5
-63
266.25
74.25
135.75
258
267.75
231.75
327.75
199.5
310.5
195
73.5
327
-26.25
76.5
246.75
173.25
151.5
-58.5
157.5
153.75
39
75
368.25
236.25
189
342.75
36.75
297
33.75
154.5
206.25
371.25
180
133.5
335.25
-29.25
122.25
359.25
99
-13.5
57.75
-40.5
78
306
96.75
156
329.25
-21.75
-69.75
91.5
-50.25
45
274.5
9.75
164.25
148.5
311.25
153.75
236.25
-58.5
245.25
-28.5
270.75
-3
223.5
5.25
79.5
180.75
238.5
-69.75
246.75
318.75
244.5
32.25
88.5
135.75
51.75
309.75
-15.75
325.5
330.75
-69.75
-19.5
72
159
70.5
346.5
301.5
6.75
243
162
69.75
269.25
81
88.5
217.5
209.25
-11.25
46.5
195.75
291.75
343.5
129
-39.75
206.25
-66.75
95.25
178.5
74.25
198.75
307.5
141
309.75
358.5
243.75
254.25
216
212.25
136.5
248.25
169.5
125.25
299.25
207
129.75
-12
98.25
125.25
99.75
141.75
217.5
-67.5
282
9
155.25
123.75
258.75
132
195
210.75
363
278.25
123.75
62.25
216
53.25
-61.5
150
183
88.5
-21
207
309
315.75
374.25
-73.5
-41.25
21.75
216.75
-70.5
237.75
36.75
-4.5
-51
138
366
47.25
-73.5
3
24
293.25
209.25
19.5
-45
216.75
98.25
147.75
72
355.5
39.75
-39
132
-57
349.5
42.75
210
321
229.5
319.5
187.5
210
-42
250.5
303.75
185.25
0
122.25
151.5
315.75
241.5
285.75
-27.75
329.25
239.25
-39
-63.75
201
125.25
237
266.25
367.5
244.5
33.75
42.75
279.75
69
258.75
-32.25
237.75
281.25
129
233.25
52.5
116.25
285.75
257.25
165
3.75
338.25
-27
327.75
279.75
244.5
225.75
194.25
352.5
340.5
295.5
96
-66.75
223.5
307.5
256.5
-32.25
-23.25
120
102.75
127.5
225.75
240.75
324.75
-54.75
289.5
251.25
120.75
198
150.75
209.25
337.5
363.75
53.25
18.75
294
321.75
260.25
-67.5
153.75
318.75
51.75
352.5
4.5
160.5
192
-63.75
154.5
275.25
255.75
-75
-63.75
247.5
-7.5
214.5
-33
-30.75
206.25
237
33.75
150
262.5
374.25
87.75
207.75
312
135
333.75
-10.5
301.5
176.25
94.5
301.5
42
107.25
136.5
51.75
311.25
297
35.25
318.75
192.75
217.5
315.75
163.5
60
126
316.5
237
-28.5
217.5
147.75
330
70.5
110.25
9
-41.25
73.5
292.5
-57
339.75
135
138.75
269.25
261
-54.75
82.5
-8.25
69
-34.5
68.25
324
41.25
-52.5
54.75
45.75
273
49.5
221.25
-39.75
118.5
308.25
22.5
283.5
351
147.75
-56.25
22.5
-57
270.75
78
264
-15
327.75
-16.5
177
162.75
264
48.75
-51
168.75
335.25
148.5
-23.25
291
144.75
307.5
130.5
321
23.25
-36.75
260.25
165
71.25
18.75
101.25
87
154.5
265.5
132
63
247.5
97.5
214.5
126.75
107.25
249.75
-46.5
28.5
39
-66.75
110.25
286.5
178.5
283.5
10.5
133.5
141.75
173.25
-14.25
-21
-5.25
233.25
288
174.75
94.5
77.25
52.5
309
12.75
43.5
29.25
44.25
141
192.75
203.25
202.5
321.75
115.5
-66.75
259.5
189.75
356.25
5.25
80.25
314.25
-31.5
-48.75
37.5
362.25
84.75
57
24
324.75
362.25
105.75
59.25
53.25
160.5
35.25
255.75
272.25
328.5
56.25
25.5
46.5
-37.5
231.75
236.25
-42
-42
322.5
116.25
129.75
350.25
132.75
200.25
-2.25
-12
-41.25
187.5
147.75
55.5
176.25
30
65.25
334.5
111
-45.75
189
-56.25
353.25
114
69
245.25
107.25
42
-52.5
55.5
273
326.25
141
158.25
261.75
36.75
47.25
175.5
44.25
-11.25
90.75
88.5
175.5
-12.75
181.5
-22.5
180.75
78.75
90.75
62.25
-29.25
-60
-39.75
338.25
-16.5
158.25
117
225.75
224.25
296.25
60.75
340.5
91.5
246.75
199.5
327
219
9.75
177.75
135.75
215.25
-5.25
130.5
285
307.5
-42.75
123.75
313.5
288
0.75
72
251.25
364.5
358.5
87.75
336
254.25
75
183.75
255.75
7.5
73.5
59.25
345
161.25
57
-55.5
76.5
12
14.25
309.75
354
348
341.25
357.75
150.75
159.75
178.5
50.25
256.5
117.75
-60.75
-33.75
-4.5
102
-75
228.75
-6
322.5
-7.5
258
95.25
-57.75
168
30
42
-35.25
104.25
78
-44.25
298.5
150.75
263.25
72.75
-52.5
216
264.75
63
249
-33
210.75
-21
259.5
241.5
339.75
69.75
166.5
156.75
-29.25
81.75
318.75
169.5
229.5
258
156.75
94.5
90
311.25
309
150.75
164.25
262.5
9.75
263.25
257.25
16.5
129.75
155.25
50.25
255.75
222
-3
369.75
207.75
247.5
27.75
234
-27
72
-59.25
-24
-23.25
147.75
279
287.25
344.25
352.5
366
192
337.5
315
293.25
180
246
-55.5
50.25
102
369
84.75
84.75
-38.25
314.25
191.25
246
356.25
102
352.5
312
93.75
129.75
206.25
-68.25
333.75
327.75
44.25
135.75
284.25
178.5
342
189
193.5
84
123
-18.75
152.25
-45
-15.75
260.25
219.75
261
130.5
303
110.25
283.5
8.25
268.5
356.25
345
0
190.5
109.5
50.25
369
19.5
211.5
228
-22.5
0
342.75
335.25
289.5
8.25
372
114
-12.75
160.5
22.5
132.75
227.25
324.75
133.5
321.75
217.5
347.25
87
81
261
35.25
110.25
107.25
16.5
17.25
29.25
-4.5
-5.25
174.75
53.25
82.5
-45.75
168
361.5
328.5
134.25
270
-49.5
207.75
-4.5
170.25
89.25
84.75
294.75
167.25
-51.75
282.75
357
-69.75
42.75
51.75
100.5
300
-70.5
191.25
73.5
319.5
307.5
166.5
322.5
-23.25
157.5
230.25
293.25
6
-29.25
134.25
243
142.5
-8.25
144
95.25
12.75
334.5
217.5
-21
261.75
273.75
173.25
27
-46.5
211.5
332.25
-27
119.25
0.75
-58.5
206.25
-20.25
-72.75
52.5
216.75
71.25
32.25
106.5
267
284.25
-7.5
162
16.5
337.5
107.25
94.5
92.25
210.75
291
66
81.75
19.5
358.5
-60
373.5
255.75
36
-57.75
134.25
95.25
-49.5
-1.5
84
102
319.5
123
168.75
-64.5
342
-30.75
180
236.25
269.25
355.5
-63
97.5
312
237.75
202.5
-10.5
-34.5
-6.75
25.5
-12.75
-15.75
95.25
125.25
236.25
-74.25
111.75
344.25
360.75
338.25
297
291
74.25
155.25
11.25
-6.75
129
7.5
269.25
183
249.75
98.25
39.75
340.5
191.25
220.5
-15.75
375
333.75
19.5
235.5
-33.75
55.5
66
255
213.75
168.75
195.75
171
356.25
-7.5
-36
299.25
330.75
-52.5
331.5
321.75
186
-27.75
52.5
-24.75
78.75
291
97.5
336
30.75
230.25
-45.75
113.25
-26.25
-18.75
58.5
162.75
24.75
231.75
243.75
307.5
75.75
293.25
267.75
-12.75
215.25
60.75
288
15
80.25
-11.25
-34.5
-15.75
233.25
219.75
48
-74.25
124.5
-37.5
12
147
-24
253.5
-60.75
153.75
112.5
57
92.25
232.5
106.5
266.25
299.25
126.75
213.75
134.25
318
133.5
57.75
-69
150.75
369.75
231.75
135.75
42
-39.75
165.75
277.5
191.25
129
93.75
284.25
146.25
344.25
136.5
-20.25
-40.5
3
-34.5
348
225.75
100.5
219
204
161.25
261
327.75
90
296.25
350.25
266.25
123
-71.25
91.5
271.5
369
-38.25
84
120.75
123.75
81.75
103.5
9
20.25
356.25
105
296.25
177.75
50.25
372
-68.25
207.75
142.5
253.5
126
39
-25.5
61.5
172.5
-24.75
93
209.25
190.5
372.75
232.5
272.25
182.25
72
279.75
-4.5
267
-42.75
9.75
66
102
-8.25
309
-11.25
304.5
321.75
367.5
86.25
86.25
168
283.5
212.25
346.5
336.75
344.25
-62.25
-49.5
207
222
237.75
363
-12.75
311.25
328.5
350.25
192.75
-64.5
220.5
201.75
-34.5
159.75
117.75
4.5
9.75
336.75
173.25
-72
317.25
267.75
199.5
68.25
208.5
363.75
145.5
-70.5
333
225.75
18.75
-3.75
200.25
336
303
286.5
330
208.5
-38.25
361.5
343.5
87
356.25
117.75
-52.5
134.25
100.5
9
207
92.25
161.25
237.75
-30
76.5
130.5
179.25
162.75
-75
330
-37.5
61.5
158.25
-22.5
306
173.25
26.25
14.25
-63.75
-52.5
75
258
37.5
82.5
166.5
123.75
-45
-11.25
339
69.75
-44.25
246.75
373.5
314.25
336
194.25
60.75
96
11.25
83.25
343.5
326.25
294.75
174
176.25
146.25
39.75
307.5
215.25
322.5
219
341.25
188.25
-0.75
315
-18
332.25
4.5
15.75
298.5
75
64.5
167.25
264.75
78.75
201
261.75
271.5
201.75
107.25
233.25
200.25
96
-12.75
235.5
14.25
165.75
300.75
12.75
348.75
211.5
15
318
48
93.75
81.75
-40.5
354.75
372.75
254.25
263.25
157.5
365.25
226.5
248.25
22.5
-27
72.75
143.25
32.25
233.25
36.75
234.75
0.75
-31.5
308.25
21.75
284.25
351.75
371.25
-72.75
-31.5
5.25
368.25
19.5
5.25
22.5
223.5
286.5
200.25
-13.5
114
177
29.25
111.75
315.75
-60
183
136.5
123.75
-40.5
137.25
95.25
-57
126.75
92.25
134.25
43.5
-7.5
357.75
297
224.25
-36
219
54
340.5
24.75
-16.5
314.25
315
-26.25
355.5
258.75
340.5
282.75
338.25
261
-14.25
90.75
215.25
-73.5
354
-60
261.75
156
255
351
310.5
102.75
81
371.25
248.25
20.25
-21.75
-58.5
247.5
269.25
324.75
161.25
24.75
62.25
-15.75
339
-72.75
159
246.75
141
88.5
168
45
165.75
-1.5
-74.25
200.25
179.25
202.5
20.25
305.25
170.25
323.25
92.25
40.5
297
240.75
-20.25
79.5
180
18.75
227.25
116.25
142.5
229.5
231.75
225
247.5
266.25
144
-60
169.5
125.25
345.75
98.25
310.5
347.25
73.5
170.25
-71.25
354
297.75
20.25
-12.75
314.25
-41.25
-34.5
149.25
244.5
188.25
-57.75
129.75
-70.5
-54.75
39.75
-36.75
362.25
-15
90.75
166.5
333
36
163.5
113.25
333.75
-70.5
-25.5
48
238.5
111
125.25
-3
150
-33.75
54
-25.5
354.75
345.75
351.75
366.75
263.25
288
-33
257.25
108.75
244.5
332.25
225.75
139.5
304.5
191.25
256.5
227.25
-73.5
-45
341.25
206.25
281.25
264.75
171.75
129.75
260.25
-66
282
46.5
215.25
22.5
145.5
167.25
-62.25
274.5
-30
-22.5
285
341.25
216
222
255.75
190.5
158.25
205.5
79.5
55.5
318.75
278.25
324.75
-63
-21
270
330.75
174.75
93
40.5
351.75
343.5
88.5
234.75
190.5
274.5
60.75
227.25
184.5
195.75
12
-66
253.5
36.75
333
112.5
338.25
-28.5
213
114
257.25
140.25
9.75
150.75
97.5
357
2.25
-6.75
249
153.75
24
245.25
373.5
108
7.5
362.25
-67.5
196.5
216.75
141.75
258
213.75
30.75
-51.75
257.25
179.25
-12
254.25
-25.5
187.5
88.5
355.5
78
264
69.75
134.25
280.5
-60
-12
-4.5
25.5
175.5
127.5
-24.75
240.75
78.75
-32.25
-42
-33.75
-69
146.25
10.5
96
336.75
205.5
-2.25
340.5
-50.25
268.5
139.5
93
-41.25
9
38.25
126.75
33
131.25
-68.25
-5.25
229.5
370.5
249
125.25
109.5
88.5
51
-33.75
-65.25
312.75
-59.25
19.5
134.25
230.25
45
37.5
16.5
-12
17.25
246
269.25
219
153.75
-33
-57
325.5
-39.75
242.25
154.5
69.75
173.25
97.5
221.25
87.75
220.5
316.5
288.75
3
101.25
157.5
215.25
114.75
218.25
22.5
313.5
156
69
228
-39
17.25
95.25
-6.75
296.25
359.25
171.75
-45.75
9
275.25
-57.75
-24.75
93.75
116.25
117
93
129.75
366
346.5
-53.25
328.5
297.75
45
-24
29.25
135
-72
117.75
147
86.25
-36.75
204
349.5
348
32.25
225.75
27.75
186.75
8.25
91.5
183
179.25
263.25
323.25
67.5
122.25
-73.5
-37.5
64.5
203.25
-15.75
-40.5
30
339
30.75
336.75
282.75
63.75
35.25
40.5
42.75
-63.75
-3
97.5
370.5
254.25
6
54.75
9
31.5
155.25
144.75
30
154.5
284.25
50.25
283.5
-42
250.5
179.25
-12.75
304.5
-30
-21
56.25
254.25
164.25
45
16.5
209.25
11.25
219
281.25
160.5
24.75
57
204
227.25
-58.5
222.75
123
70.5
259.5
-36
17.25
71.25
234
330.75
178.5
67.5
344.25
189
166.5
366.75
12
355.5
230.25
153
258
-46.5
36
85.5
276
192
-33.75
50.25
140.25
349.5
340.5
83.25
-29.25
246
375
51.75
306.75
216
48.75
83.25
106.5
311.25
204
282.75
263.25
181.5
308.25
298.5
75.75
91.5
-63
180.75
106.5
241.5
213
235.5
228
345.75
195
111
124.5
121.5
227.25
14.25
3.75
-64.5
137.25
206.25
135.75
323.25
286.5
246
255.75
330
126
316.5
185.25
20.25
-60.75
-7.5
192
-18
294.75
54
-72
230.25
-11.25
63
-14.25
4.5
114.75
3.75
94.5
146.25
43.5
-39.75
336.75
252
237.75
-10.5
17.25
198
72
-23.25
209.25
-29.25
-44.25
36.75
24
72.75
105.75
321
46.5
114
41.25
63.75
60.75
225.75
54
140.25
88.5
126.75
185.25
36
341.25
89.25
57
289.5
171
58.5
244.5
304.5
306
177
234.75
-22.5
-45
161.25
29.25
285.75
311.25
134.25
108.75
48
277.5
195
-33.75
230.25
63
168
150
338.25
307.5
105.75
313.5
215.25
273
-54
347.25
228.75
49.5
-50.25
165.75
-35.25
210
240
-65.25
373.5
60.75
194.25
250.5
324
279.75
286.5
349.5
-7.5
333
-27
-68.25
309.75
235.5
336
-46.5
129.75
-0.75
312.75
294
40.5
158.25
360
142.5
89.25
152.25
79.5
336
-8.25
292.5
267
-6
1.5
270
-65.25
10.5
352.5
223.5
17.25
270
286.5
289.5
247.5
39
142.5
124.5
137.25
374.25
21
333
76.5
165
33.75
-16.5
294
342
337.5
101.25
224.25
283.5
-43.5
174
249
-67.5
-53.25
210
127.5
351.75
258
102.75
315.75
271.5
43.5
185.25
160.5
74.25
252
216.75
-42.75
172.5
263.25
320.25
-13.5
-62.25
314.25
141.75
44.25
-69.75
238.5
163.5
366
289.5
115.5
132.75
158.25
19.5
220.5
133.5
-72
109.5
83.25
277.5
203.25
270
185.25
243.75
186
-61.5
360
-9
170.25
161.25
356.25
231.75
34.5
189
-45
108.75
-15.75
130.5
318
30
243
42
72
105
-26.25
-69.75
104.25
39
-25.5
0
353.25
278.25
75
121.5
335.25
330.75
336
-18
86.25
172.5
141.75
-27
61.5
115.5
271.5
213.75
174
375
2.25
18
204.75
189.75
249.75
302.25
42
300.75
117
-72
334.5
180
81
204
272.25
235.5
6.75
6
-18.75
375
18.75
371.25
328.5
151.5
285.75
258
48
299.25
303.75
117
277.5
264.75
111
240.75
88.5
240
156
31.5
14.25
287.25
60.75
108
78.75
153.75
204.75
277.5
194.25
333
23.25
313.5
165.75
-66
273.75
207
-3.75
-25.5
206.25
29.25
-54
347.25
335.25
-6.75
240
247.5
150
0
309.75
-59.25
185.25
121.5
321.75
14.25
228
123
315
39
350.25
91.5
156.75
290.25
48.75
87
270
94.5
-21
174
-7.5
360
346.5
186
278.25
-66.75
180
277.5
234
75.75
300
267.75
176.25
99.75
49.5
81
212.25
283.5
290.25
123.75
-3
120.75
67.5
212.25
301.5
39
224.25
195
352.5
191.25
155.25
305.25
249.75
169.5
248.25
252
52.5
111
-65.25
-7.5
100.5
-19.5
357.75
264
267
298.5
121.5
5.25
-16.5
72.75
281.25
246
287.25
362.25
66.75
21.75
-25.5
285.75
237
294
344.25
252.75
262.5
-65.25
-38.25
23.25
162
-58.5
114
90
242.25
119.25
268.5
130.5
255.75
30.75
247.5
356.25
373.5
39
-15.75
168
239.25
163.5
217.5
134.25
-27.75
215.25
227.25
79.5
94.5
-54.75
239.25
-49.5
24
64.5
60.75
113.25
101.25
17.25
35.25
-38.25
118.5
333.75
145.5
250.5
16.5
159
206.25
66.75
172.5
142.5
183
297
129
361.5
12.75
258.75
42.75
338.25
77.25
226.5
117
3
374.25
284.25
103.5
332.25
349.5
146.25
137.25
116.25
-10.5
213.75
66
149.25
132.75
18
259.5
141.75
264
-51.75
-54.75
-3
-30
272.25
-53.25
-15.75
105
123.75
256.5
-25.5
180
-1.5
337.5
148.5
38.25
120
173.25
120
159.75
-3
45
147.75
21.75
197.25
360.75
259.5
163.5
315.75
-17.25
297
63
163.5
128.25
116.25
67.5
132.75
207
-21
-73.5
111
136.5
223.5
75.75
220.5
31.5
60.75
231
96.75
-39
36.75
374.25
45
219.75
92.25
365.25
-74.25
296.25
26.25
321
325.5
75.75
-39.75
-57
74.25
37.5
-67.5
130.5
167.25
63
330
306.75
345.75
-14.25
116.25
-35.25
117
21
335.25
-33
289.5
363
108
312.75
224.25
345
360.75
270
96.75
-69.75
255
-2.25
175.5
168
87
349.5
-37.5
234.75
-26.25
-24
255
-39
27
170.25
-49.5
-19.5
139.5
153
-42
261
288
35.25
33
3
148.5
354
246.75
-28.5
304.5
294.75
43.5
-74.25
141
347.25
297
-14.25
-5.25
-57
99
104.25
-36
186
24
54.75
220.5
362.25
31.5
150
20.25
373.5
93
208.5
129.75
105.75
149.25
83.25
-8.25
338.25
-33
44.25
0.75
74.25
338.25
44.25
258
122.25
46.5
192
243
124.5
312
12
44.25
238.5
125.25
204
64.5
-69.75
368.25
301.5
-42.75
82.5
236.25
165.75
-64.5
251.25
194.25
164.25
44.25
-49.5
239.25
297.75
23.25
38.25
306
36.75
354
15.75
-48.75
42.75
225.75
-24
218.25
227.25
-63.75
293.25
143.25
9
165.75
189
38.25
57
169.5
-30.75
374.25
190.5
171
165.75
306.75
219
273
6.75
-39
42
230.25
60.75
235.5
308.25
57.75
345.75
276.75
-31.5
299.25
360.75
-46.5
285
281.25
-49.5
-59.25
297.75
186
189.75
309.75
225
-70.5
110.25
187.5
105
165
24.75
147.75
-72.75
25.5
78
99.75
100.5
82.5
257.25
39.75
13.5
225
345.75
164.25
70.5
274.5
36
-6.75
218.25
-35.25
111
222
234.75
208.5
-9.75
317.25
-3.75
-71.25
322.5
282
-39
-31.5
-67.5
-9.75
373.5
258.75
222
-57
112.5
30
126
-2.25
354
-26.25
182.25
204.75
-72.75
162
259.5
30
-40.5
60
-9
48.75
-39
111
355.5
340.5
17.25
192.75
0.75
300
30.75
114
358.5
253.5
-58.5
13.5
161.25
44.25
313.5
204
333.75
76.5
33.75
98.25
57.75
53.25
50.25
204
74.25
281.25
21
90
119.25
370.5
192
18.75
92.25
43.5
327
12.75
215.25
138
9.75
25.5
48
19.5
369.75
87.75
-51.75
363
-75
237
147
106.5
-5.25
-17.25
179.25
44.25
171.75
-6.75
255.75
-33
220.5
101.25
113.25
-58.5
9.75
179.25
-6.75
364.5
222
315
118.5
300.75
270
68.25
203.25
43.5
296.25
159
368.25
315.75
-32.25
183.75
236.25
-34.5
20.25
-57
90.75
-48
54
235.5
351.75
45.75
30.75
77.25
61.5
321.75
-15
-46.5
215.25
6.75
306
-10.5
354
98.25
144
79.5
157.5
121.5
220.5
309.75
148.5
152.25
-56.25
156
283.5
-62.25
248.25
61.5
30.75
-39
117.75
-40.5
111.75
138.75
55.5
160.5
-43.5
375
252
91.5
184.5
-37.5
12.75
-33.75
352.5
-30.75
228
123
39
140.25
87
91.5
302.25
293.25
168
104.25
45
344.25
333
207.75
29.25
182.25
95.25
285
373.5
111
8.25
136.5
-63.75
355.5
186
347.25
32.25
218.25
360
230.25
321.75
228
101.25
60.75
282.75
233.25
234.75
-23.25
-8.25
155.25
60.75
361.5
286.5
-39.75
368.25
279.75
-33.75
360
282.75
264.75
-63
124.5
117
135
-65.25
-57.75
225
-15
287.25
131.25
140.25
214.5
84.75
252.75
253.5
24
90
153.75
-9
-21
-41.25
195.75
225.75
-21.75
267.75
120.75
-14.25
162.75
261.75
21.75
341.25
289.5
69.75
170.25
258.75
121.5
117.75
-23.25
-39
177.75
354
52.5
52.5
147
-18
254.25
361.5
147.75
296.25
261.75
248.25
237
51.75
168
246
243
-54.75
-34.5
246.75
-30
162.75
348
339.75
210
335.25
-30.75
222.75
6.75
-13.5
210.75
162
-38.25
183.75
286.5
165.75
124.5
252.75
-41.25
109.5
19.5
-10.5
258.75
373.5
198.75
177.75
48
274.5
165.75
251.25
96
108
-27
182.25
65.25
239.25
93.75
288.75
262.5
216.75
-22.5
-9.75
330
320.25
84
75
228
4.5
-54.75
110.25
267
211.5
180
311.25
76.5
-49.5
40.5
21
-37.5
-6.75
21
123
122.25
-21
270
52.5
126.75
113.25
240.75
213.75
229.5
250.5
95.25
108.75
-11.25
246
282
328.5
121.5
32.25
123
365.25
313.5
222.75
273.75
305.25
189
285.75
256.5
63
30.75
46.5
-9.75
186
208.5
10.5
244.5
201.75
141
193.5
-1.5
-39.75
126
177.75
-53.25
-7.5
69
210
117.75
366
278.25
297.75
153.75
275.25
366
309
-32.25
316.5
0.75
212.25
126.75
178.5
159
45
131.25
274.5
65.25
27
36
108
36
147.75
143.25
-40.5
3.75
80.25
136.5
363.75
-21
189
283.5
352.5
58.5
363
216
127.5
134.25
166.5
-60
294
-65.25
326.25
72.75
17.25
90
-48
-17.25
23.25
16.5
183.75
3.75
362.25
303
169.5
279.75
260.25
219
212.25
30
216.75
55.5
152.25
309
347.25
341.25
33.75
289.5
216
9.75
262.5
1.5
199.5
62.25
101.25
33
91.5
153
195.75
285
73.5
274.5
248.25
280.5
127.5
193.5
114
-57
-66
16.5
83.25
37.5
227.25
0.75
300.75
216
297.75
362.25
48.75
264
246.75
310.5
237.75
121.5
36.75
251.25
363.75
-4.5
62.25
177.75
175.5
138.75
272.25
348
-40.5
207
19.5
39.75
345
56.25
339
-34.5
288.75
354
213.75
372
72
252
-9
135.75
231
190.5
207.75
168
90
284.25
30.75
359.25
96.75
263.25
135.75
91.5
150.75
96
6
90
-43.5
254.25
212.25
242.25
47.25
177.75
176.25
-45
-69.75
139.5
-58.5
249
179.25
126
71.25
354
112.5
171.75
57
156
314.25
349.5
52.5
303
-54
190.5
231.75
326.25
184.5
-21.75
118.5
348
24.75
98.25
-66.75
215.25
-66.75
-49.5
258
8.25
294.75
-44.25
63.75
324
-59.25
-15
46.5
111
142.5
173.25
145.5
70.5
130.5
-15.75
-74.25
270.75
43.5
180
325.5
355.5
54
139.5
53.25
14.25
195.75
-75
205.5
211.5
271.5
265.5
308.25
11.25
9
72.75
243.75
135.75
101.25
328.5
327.75
86.25
210
-16.5
271.5
123.75
306.75
129.75
-25.5
23.25
364.5
297
95.25
162.75
189.75
313.5
66.75
66
266.25
370.5
9
250.5
347.25
330
30
240
129
91.5
-69.75
335.25
284.25
-69
-7.5
185.25
317.25
332.25
-64.5
144.75
246.75
-69.75
269.25
113.25
-2.25
203.25
119.25
306.75
-21.75
178.5
60
135
20.25
-23.25
-18.75
309
84.75
21.75
246
55.5
132.75
-72
72
27
210.75
350.25
115.5
355.5
327
308.25
222.75
366.75
329.25
124.5
132.75
332.25
330.75
360.75
280.5
216.75
272.25
-27.75
-30.75
269.25
327.75
25.5
348.75
-54
237
-2.25
229.5
72.75
83.25
183
18
153.75
296.25
186.75
78.75
-47.25
-48
219.75
354.75
227.25
-42.75
221.25
283.5
180.75
267.75
292.5
261.75
23.25
-44.25
315.75
-61.5
191.25
318.75
-33
-40.5
261.75
241.5
-53.25
20.25
219
203.25
366
300.75
161.25
-48.75
-21
101.25
17.25
111
21
-17.25
-39
240
64.5
141.75
50.25
237.75
360.75
96
355.5
348.75
83.25
364.5
151.5
-69.75
351.75
68.25
-62.25
307.5
370.5
209.25
75
229.5
-27.75
331.5
-71.25
-45.75
7.5
41.25
98.25
98.25
-42
-57
316.5
242.25
356.25
354.75
311.25
91.5
309.75
66.75
358.5
-45
29.25
259.5
239.25
-29.25
339
39
284.25
-51.75
270.75
111.75
86.25
73.5
-12.75
211.5
199.5
152.25
56.25
222
67.5
141.75
27
161.25
36
165
311.25
173.25
181.5
53.25
201
135.75
177
5.25
-39
343.5
217.5
195
357.75
221.25
171.75
69.75
105
326.25
345.75
-27
346.5
67.5
18
85.5
229.5
244.5
126.75
301.5
183
172.5
158.25
216
-62.25
357
48
187.5
191.25
51
123.75
-18
223.5
-27
184.5
240.75
231
279
193.5
298.5
199.5
162.75
122.25
166.5
108.75
339
369.75
-33.75
231.75
242.25
-18
369.75
263.25
192
187.5
362.25
143.25
262.5
71.25
231
192.75
212.25
226.5
36.75
118.5
156.75
-26.25
103.5
88.5
129
110.25
-20.25
-12
267
144
86.25
-21.75
11.25
-57
371.25
32.25
327
214.5
189.75
111.75
206.25
207
77.25
243
239.25
-69.75
138.75
281.25
340.5
99
172.5
46.5
330
186.75
146.25
236.25
56.25
-20.25
364.5
318
296.25
296.25
237
171.75
38.25
363
305.25
85.5
311.25
31.5
35.25
291.75
7.5
66
197.25
19.5
-50.25
-3.75
-75
264
209.25
199.5
57
122.25
136.5
118.5
210
24
258
256.5
267
136.5
100.5
-8.25
290.25
81.75
-30.75
228.75
237
228.75
135.75
-62.25
162
-45.75
106.5
234.75
330
66.75
84.75
-15.75
-75
36.75
-49.5
-37.5
-61.5
302.25
135
313.5
2.25
98.25
34.5
-38.25
11.25
344.25
41.25
-58.5
191.25
343.5
354
-9
316.5
-4.5
227.25
276.75
18.75
13.5
-28.5
-53.25
9.75
-34.5
144.75
330
62.25
-33.75
-5.25
271.5
84
324.75
141
231.75
375
354.75
-2.25
361.5
-63
333
41.25
69
154.5
176.25
99.75
297
348.75
174
192
249.75
78
114.75
-57
-24.75
111
272.25
205.5
-60
144.75
270.75
6.75
66.75
169.5
312.75
119.25
24.75
363
69.75
-14.25
-54.75
144
-27.75
208.5
-25.5
107.25
102
260.25
159.75
-11.25
60.75
63.75
213.75
-43.5
138
321.75
234
228.75
204.75
333
307.5
117.75
118.5
47.25
191.25
309
62.25
-6.75
358.5
177.75
252.75
267
190.5
229.5
256.5
8.25
365.25
39
215.25
305.25
-15
125.25
22.5
139.5
271.5
2.25
50.25
294
91.5
-27.75
123.75
151.5
160.5
-42.75
-9
41.25
-17.25
-56.25
220.5
19.5
214.5
55.5
-16.5
62.25
24
210
-15
-16.5
357
291.75
308.25
271.5
241.5
99
17.25
-62.25
267
70.5
99
358.5
190.5
-9
340.5
317.25
47.25
-12
326.25
-72
311.25
365.25
105.75
-69.75
174
61.5
243
-60
79.5
244.5
21.75
48
54
365.25
249
-20.25
204.75
-25.5
72
165.75
328.5
-0.75
343.5
1.5
170.25
-18
112.5
35.25
357
80.25
351
-19.5
357
340.5
249.75
51.75
55.5
321.75
313.5
217.5
272.25
310.5
338.25
283.5
81
356.25
282
39
197.25
119.25
18
-0.75
351.75
181.5
164.25
-63.75
310.5
237.75
84.75
353.25
367.5
176.25
-54
351.75
348
118.5
243
252.75
54
148.5
6
112.5
363.75
39
120.75
-63.75
130.5
45.75
165
261.75
-15.75
99.75
345.75
96.75
228
159
222
47.25
139.5
4.5
2.25
-52.5
264
150
-74.25
80.25
371.25
53.25
105.75
345.75
91.5
-72
371.25
129
218.25
163.5
170.25
142.5
204
-26.25
66
333
70.5
279.75
374.25
-15
189.75
42.75
215.25
256.5
-3.75
129
351
249.75
229.5
150
31.5
360.75
126
292.5
209.25
76.5
-33
-51
316.5
196.5
-44.25
297
47.25
180.75
-53.25
-63
222
260.25
105
52.5
252
24.75
264.75
348.75
252.75
236.25
369.75
118.5
-72
183
6.75
70.5
197.25
212.25
-0.75
308.25
270.75
265.5
113.25
345.75
-51
19.5
27
305.25
138
305.25
180.75
313.5
257.25
358.5
-45
176.25
-2.25
318
369
57
335.25
-69.75
142.5
294.75
-45
204.75
192
-4.5
284.25
53.25
53.25
136.5
285
282.75
342
38.25
90.75
73.5
-62.25
-58.5
48.75
198.75
-43.5
351.75
2.25
258
174
240
204.75
-11.25
93
-20.25
134.25
144.75
107.25
244.5
-59.25
-66
294
38.25
120.75
118.5
-75
33.75
198.75
290.25
-6.75
182.25
5.25
344.25
-36
62.25
233.25
216.75
315.75
136.5
204
-9
-43.5
116.25
325.5
58.5
118.5
163.5
-51
268.5
20.25
198
264
349.5
198
251.25
280.5
80.25
117
339.75
201
-42
151.5
142.5
217.5
169.5
34.5
271.5
6
216.75
160.5
331.5
24.75
122.25
282.75
237
6.75
281.25
300
97.5
348
271.5
138
205.5
57.75
200.25
252
200.25
273.75
192.75
-69.75
218.25
150
121.5
180
47.25
134.25
219
-27
153
-18.75
-24.75
104.25
160.5
297.75
157.5
316.5
201.75
-27
315
313.5
100.5
298.5
347.25
164.25
-5.25
259.5
63.75
213
255.75
55.5
251.25
246.75
66.75
-52.5
369.75
84.75
101.25
-18.75
261
152.25
105.75
9
279.75
174.75
195.75
90.75
-74.25
337.5
230.25
157.5
288
-5.25
13.5
144
313.5
312.75
92.25
-46.5
84
351.75
265.5
281.25
261.75
69.75
-12
318.75
82.5
0
253.5
-33.75
241.5
369.75
-12
215.25
81.75
372
184.5
55.5
177.75
171.75
289.5
314.25
49.5
276
177
222.75
317.25
62.25
24
105.75
350.25
342.75
228
369
315
74.25
177
278.25
93
95.25
330
171
-63.75
147.75
221.25
42
-2.25
269.25
347.25
85.5
261.75
107.25
108.75
268.5
187.5
132
244.5
117.75
-14.25
337.5
246
-69.75
272.25
237
101.25
-55.5
-66
-53.25
173.25
336
200.25
358.5
106.5
300.75
44.25
182.25
-73.5
297
12.75
250.5
306
121.5
-27
322.5
141.75
167.25
135
60
-74.25
243.75
300
60.75
325.5
275.25
216
315
309.75
258.75
360
258
-29.25
99
-45.75
159.75
111
-28.5
323.25
205.5
38.25
367.5
-27
0
90
66
324.75
55.5
251.25
33
-11.25
258.75
345
204
-12.75
303
282
45.75
13.5
343.5
357.75
62.25
-57
30
249
32.25
-53.25
325.5
243.75
-66
371.25
-70.5
-13.5
240.75
246
165
-34.5
58.5
346.5
18
86.25
18.75
141.75
218.25
316.5
-27.75
205.5
222.75
107.25
230.25
300.75
164.25
161.25
252
292.5
-27.75
186.75
36.75
154.5
185.25
130.5
-38.25
15.75
201
34.5
357
149.25
199.5
233.25
360
341.25
-53.25
110.25
47.25
187.5
332.25
84
-9.75
82.5
26.25
198.75
280.5
354.75
71.25
364.5
6
180
337.5
30
-61.5
329.25
-33
115.5
36.75
96
261.75
287.25
-8.25
64.5
234
121.5
268.5
174.75
347.25
174.75
352.5
88.5
276.75
-42.75
-6.75
369
84.75
338.25
282.75
196.5
123
157.5
202.5
209.25
272.25
338.25
60
290.25
33
306
-35.25
130.5
90
-49.5
166.5
24.75
197.25
289.5
246.75
178.5
207.75
105
318.75
211.5
-69.75
366
110.25
-73.5
99.75
349.5
201
207.75
349.5
312.75
371.25
-30.75
72.75
100.5
118.5
259.5
210.75
-14.25
-0.75
226.5
299.25
225.75
322.5
192.75
-15
-50.25
8.25
-60.75
80.25
306
77.25
234.75
-4.5
306
267.75
252.75
15
-56.25
208.5
89.25
38.25
-61.5
300.75
-12
237
267.75
195
144
92.25
252
-39.75
349.5
331.5
338.25
305.25
284.25
172.5
111
86.25
-62.25
349.5
189.75
25.5
201.75
2.25
132
70.5
363.75
325.5
56.25
375
330.75
-52.5
211.5
156.75
158.25
194.25
141
-24
16.5
108.75
-34.5
99
39
259.5
64.5
327.75
244.5
83.25
186.75
359.25
79.5
62.25
-71.25
98.25
33.75
276
81.75
291.75
29.25
369.75
132.75
153.75
76.5
296.25
147
222.75
-45
270.75
249
45.75
60.75
-54
-65.25
94.5
327
203.25
138
102.75
171.75
-22.5
220.5
183.75
12.75
23.25
19.5
102.75
153
-38.25
375
6
-33
291.75
65.25
340.5
207.75
304.5
-21
223.5
-67.5
141
308.25
130.5
47.25
355.5
32.25
265.5
229.5
123.75
58.5
274.5
-65.25
-29.25
221.25
268.5
297.75
188.25
180
54
345
-6.75
343.5
222
31.5
-29.25
153.75
166.5
281.25
274.5
-14.25
255.75
12
177.75
229.5
-40.5
274.5
71.25
-12
25.5
240
155.25
72.75
87
100.5
276
245.25
-24
-18
65.25
203.25
361.5
135.75
-60.75
-69
297
14.25
-42
-61.5
137.25
38.25
56.25
212.25
-33.75
336
84.75
98.25
3
275.25
279
147.75
173.25
114
17.25
-11.25
364.5
7.5
232.5
-56.25
368.25
323.25
142.5
69.75
136.5
310.5
114.75
52.5
121.5
-50.25
231.75
315
153.75
108
167.25
3.75
350.25
129.75
136.5
120
-24.75
131.25
58.5
310.5
215.25
184.5
246.75
84
362.25
-65.25
-37.5
267
195
4.5
295.5
222
-68.25
-64.5
54
-74.25
18
305.25
6
209.25
27.75
320.25
218.25
48
254.25
118.5
278.25
38.25
348
-28.5
110.25
52.5
125.25
373.5
363.75
183.75
37.5
41.25
187.5
58.5
96
320.25
53.25
-13.5
116.25
53.25
156.75
357
366.75
3
173.25
267.75
-0.75
369.75
252.75
344.25
63
364.5
195
268.5
42
319.5
-59.25
202.5
-40.5
348
144
277.5
64.5
129.75
249.75
29.25
139.5
162
-62.25
216.75
147
66
-3
198
136.5
7.5
172.5
353.25
345
-66
329.25
-33.75
80.25
75.75
-9.75
3
203.25
347.25
3.75
137.25
291.75
234
106.5
281.25
94.5
69.75
301.5
346.5
290.25
128.25
-57
44.25
90.75
141.75
127.5
259.5
366
337.5
120.75
51.75
3
205.5
322.5
354.75
-55.5
304.5
63.75
-26.25
309
321
329.25
59.25
224.25
103.5
362.25
207.75
-27
300.75
273
101.25
46.5
137.25
-45.75
34.5
3
27
335.25
306
88.5
371.25
283.5
240.75
111
155.25
173.25
301.5
373.5
329.25
157.5
210.75
213.75
285
93.75
30.75
204.75
156.75
360
217.5
138
243.75
315
246
237.75
345
202.5
-45
-71.25
358.5
-27.75
12.75
180.75
-60
321
86.25
102
106.5
0.75
-30
115.5
83.25
6.75
327.75
126
244.5
177
261
269.25
4.5
345.75
39
59.25
225.75
66
204
-67.5
359.25
-47.25
351
252.75
343.5
276.75
274.5
-37.5
198.75
-72
285.75
158.25
294.75
186.75
270.75
86.25
30
188.25
170.25
-52.5
195.75
365.25
-25.5
3.75
-48.75
363
-44.25
22.5
81.75
271.5
132
-74.25
76.5
261.75
375
309
230.25
-24
-3
57.75
117
0.75
-70.5
375
51
288.75
-30.75
51
266.25
125.25
40.5
-54.75
57.75
199.5
-43.5
258
256.5
225
348.75
25.5
32.25
-75
125.25
-48
-7.5
169.5
372
171
280.5
66
259.5
-15
337.5
239.25
150.75
-52.5
-6
164.25
-11.25
58.5
369.75
290.25
336
307.5
252
188.25
324
350.25
11.25
323.25
336.75
307.5
165.75
145.5
333
338.25
-31.5
-33
319.5
207.75
22.5
36.75
7.5
158.25
159.75
-24
146.25
-48
207.75
71.25
218.25
198
209.25
231.75
-39
341.25
17.25
231
342.75
199.5
186.75
117.75
39.75
180
129.75
169.5
-62.25
334.5
72.75
98.25
217.5
178.5
18.75
49.5
345.75
8.25
348.75
330.75
186
183.75
58.5
252.75
87
168
68.25
102.75
191.25
24
69.75
-4.5
334.5
93
112.5
87.75
23.25
-54
200.25
73.5
-13.5
72.75
359.25
126
154.5
198.75
96.75
-48
122.25
111
162
266.25
138
348.75
366
347.25
-46.5
-22.5
127.5
231.75
181.5
107.25
113.25
63
23.25
293.25
39.75
-66
150.75
138.75
93.75
286.5
240
368.25
24.75
-60.75
234
48.75
72.75
332.25
212.25
-42
-36
56.25
241.5
190.5
222.75
318
93
21
6.75
262.5
340.5
264.75
-33
308.25
286.5
-42
47.25
176.25
18.75
291
-24.75
371.25
125.25
298.5
90
329.25
51.75
339
27.75
87.75
179.25
244.5
280.5
339
6.75
245.25
109.5
76.5
31.5
84
139.5
162
189.75
370.5
227.25
270.75
57
206.25
60.75
60.75
249.75
196.5
275.25
351
-52.5
303.75
116.25
108.75
204
66
326.25
366.75
-38.25
30.75
9.75
-33.75
71.25
330
369
-47.25
51.75
280.5
184.5
353.25
-66.75
173.25
54
-9
-46.5
324
57
108.75
21
315
157.5
321.75
293.25
222.75
107.25
264.75
40.5
334.5
327.75
216
360.75
282.75
-11.25
113.25
195.75
141
118.5
60
339.75
191.25
374.25
247.5
-5.25
258
213
159.75
123.75
-39
342
18
272.25
365.25
276
-8.25
252
339
269.25
-57.75
109.5
303
138
338.25
194.25
208.5
300.75
216
139.5
359.25
345.75
267.75
183.75
-25.5
68.25
190.5
259.5
229.5
348
36
354
258.75
306.75
54
-52.5
273.75
72
98.25
15
-17.25
141
-69
28.5
122.25
37.5
302.25
114
129.75
-73.5
198.75
281.25
181.5
14.25
159.75
136.5
39
84
57.75
-14.25
75
-0.75
82.5
242.25
61.5
-39
254.25
-39.75
140.25
165
350.25
265.5
229.5
168
50.25
279
264
319.5
48
-45.75
170.25
30
81
336.75
115.5
-48.75
78.75
-10.5
258
43.5
270
139.5
282
231
209.25
342
-69
201.75
7.5
80.25
60.75
-25.5
254.25
369
188.25
348
316.5
351.75
17.25
372
169.5
-21.75
134.25
162.75
317.25
37.5
47.25
219.75
89.25
204.75
312.75
99.75
333
-13.5
162.75
52.5
299.25
240
351
-75
357.75
343.5
291
30
38.25
105.75
286.5
188.25
-24.75
153
153
144.75
-63.75
41.25
19.5
102
-51.75
189.75
-36.75
151.5
292.5
27.75
-45
120
193.5
22.5
268.5
314.25
33.75
123.75
-74.25
110.25
288
-44.25
174.75
97.5
254.25
279.75
360
-22.5
289.5
74.25
-72.75
81.75
109.5
168.75
43.5
125.25
74.25
255.75
285.75
67.5
316.5
160.5
341.25
303.75
192.75
-14.25
2.25
155.25
216.75
210.75
146.25
-18.75
-9.75
372
-51
62.25
22.5
18.75
280.5
353.25
81.75
286.5
226.5
189.75
-43.5
46.5
-42.75
150.75
120.75
285
334.5
-67.5
357
97.5
147.75
268.5
57
252
154.5
-70.5
264.75
333.75
331.5
-63.75
345
41.25
35.25
108
345.75
174
-7.5
222.75
323.25
151.5
312
-9.75
192.75
357.75
114.75
310.5
23.25
-21.75
200.25
-51.75
173.25
-50.25
347.25
-30
289.5
316.5
-60.75
113.25
243
251.25
235.5
19.5
363
294.75
-73.5
268.5
221.25
273.75
104.25
369.75
161.25
336
45
3.75
320.25
150
28.5
-41.25
1.5
35.25
-12.75
99
66.75
300.75
29.25
126.75
69.75
-34.5
298.5
75.75
-23.25
54
-9.75
88.5
-26.25
113.25
166.5
274.5
63.75
105
141
206.25
251.25
276.75
29.25
359.25
201
21
228.75
243.75
144.75
247.5
237.75
141.75
138
249.75
284.25
129
123.75
119.25
96.75
314.25
85.5
92.25
323.25
51.75
233.25
172.5
48
372
146.25
164.25
-13.5
-69
-51.75
85.5
49.5
274.5
171
315.75
-19.5
312.75
165.75
71.25
342.75
-62.25
306
352.5
44.25
175.5
250.5
-32.25
222
-32.25
353.25
278.25
312.75
303
195
354.75
255
16.5
162.75
360.75
4.5
320.25
-24
252
24.75
313.5
218.25
306.75
371.25
341.25
-71.25
201
-30
-42
345
-17.25
-19.5
-55.5
363.75
178.5
240.75
36.75
360.75
270
140.25
-51
355.5
223.5
171
117.75
-54.75
60
57.75
-70.5
28.5
160.5
25.5
123
57
183.75
223.5
-16.5
95.25
102
255.75
241.5
114
343.5
-25.5
111.75
352.5
358.5
274.5
64.5
-74.25
195
252
177
202.5
-9
108
204.75
156
257.25
50.25
135
307.5
105
96
199.5
-13.5
264
280.5
354
346.5
330
75.75
164.25
265.5
35.25
-15.75
32.25
240
78
263.25
25.5
217.5
-29.25
103.5
92.25
26.25
368.25
327
9.75
-58.5
312.75
164.25
-42.75
95.25
-63
37.5
273.75
-18
226.5
373.5
18
10.5
225
99
80.25
363.75
345
71.25
111.75
330
161.25
253.5
-49.5
275.25
-14.25
54
-43.5
-7.5
-13.5
5.25
113.25
-42
371.25
232.5
116.25
-21
42.75
342.75
338.25
303
93
139.5
-33.75
15
316.5
310.5
319.5
188.25
-4.5
118.5
292.5
169.5
-11.25
299.25
33
355.5
347.25
99.75
324
0.75
-18
82.5
228.75
161.25
276.75
252
45
111
243
275.25
267.75
125.25
12
345.75
185.25
102.75
17.25
347.25
219
227.25
-54
-10.5
50.25
248.25
238.5
30.75
278.25
184.5
6.75
374.25
210.75
349.5
-15
16.5
276
173.25
271.5
-15
-24.75
-57
78
118.5
357
3.75
219
306
217.5
162.75
92.25
219
246
115.5
-73.5
-13.5
197.25
327.75
327.75
261
309
-37.5
316.5
121.5
-8.25
150
103.5
260.25
234.75
327.75
215.25
366.75
38.25
122.25
253.5
74.25
201.75
299.25
336.75
253.5
108.75
62.25
360
258
-60.75
336.75
-58.5
-21
307.5
153
30.75
113.25
191.25
369.75
365.25
255
221.25
303.75
-7.5
114.75
273
79.5
313.5
106.5
-36.75
75
330.75
15.75
367.5
333
105.75
217.5
32.25
-2.25
128.25
3
367.5
126.75
87
178.5
336
255
-18
-14.25
50.25
95.25
103.5
348
333.75
111
339.75
294.75
105.75
135.75
295.5
269.25
327
103.5
1.5
250.5
80.25
70.5
110.25
-65.25
-7.5
0.75
363.75
231.75
171
-45.75
258.75
357
-16.5
372
0.75
300.75
-42.75
163.5
156
222.75
363.75
261
181.5
312
-48.75
-48.75
14.25
303
209.25
284.25
144.75
90.75
-74.25
313.5
303
306
282.75
349.5
57.75
373.5
227.25
196.5
296.25
80.25
335.25
152.25
214.5
243.75
169.5
187.5
21
76.5
260.25
172.5
167.25
150.75
117
66.75
39.75
231
235.5
315
150
-69
315.75
340.5
132
220.5
-37.5
323.25
32.25
348.75
43.5
-10.5
242.25
135
282.75
-36.75
-39.75
48
282
231
321
350.25
158.25
347.25
-12
359.25
257.25
360
42
2.25
255
-47.25
36
302.25
-6.75
341.25
168
288
11.25
-26.25
249.75
-49.5
269.25
267.75
231.75
231
-13.5
135.75
351.75
296.25
99.75
289.5
93.75
-2.25
-18
0
-67.5
138
233.25
307.5
218.25
271.5
-63.75
153.75
-13.5
334.5
-54
168.75
291.75
-74.25
357.75
373.5
-64.5
301.5
134.25
54
70.5
168
320.25
-13.5
61.5
-27
351.75
137.25
327
237
264.75
83.25
267.75
-72.75
59.25
157.5
151.5
243.75
366
190.5
255.75
372
21
219
207
-25.5
-72.75
301.5
255
222
88.5
50.25
231.75
285
18
363
-70.5
323.25
166.5
127.5
-57.75
-21.75
332.25
154.5
163.5
96.75
222
363
63.75
348.75
289.5
40.5
51.75
213
3
298.5
245.25
255
-27
-62.25
132
28.5
-7.5
327.75
139.5
-27.75
87
97.5
246
-21.75
173.25
54
59.25
16.5
18.75
227.25
98.25
86.25
285
118.5
333.75
56.25
201.75
48
-73.5
-44.25
133.5
120.75
-64.5
172.5
54.75
153
4.5
-15
7.5
126
75.75
-75
170.25
182.25
159
120
318
8.25
331.5
190.5
132
248.25
105.75
306.75
92.25
208.5
328.5
-69.75
119.25
30
87.75
49.5
96
109.5
336.75
126
69.75
-71.25
-40.5
310.5
-7.5
343.5
263.25
308.25
-25.5
24
351.75
152.25
347.25
246
24.75
-15.75
-52.5
238.5
69
51
285.75
319.5
-35.25
6.75
-39
369
304.5
180
-63
-17.25
138
199.5
61.5
242.25
270.75
132.75
219.75
21
105
368.25
138
86.25
-41.25
235.5
330.75
211.5
324.75
176.25
144
278.25
196.5
204
-50.25
156.75
257.25
306
214.5
78.75
360.75
18
197.25
206.25
227.25
124.5
120.75
221.25
324.75
-1.5
267
297
329.25
24
267
-10.5
235.5
28.5
82.5
192.75
156.75
363.75
152.25
49.5
42
-45
372
363
183
96
65.25
242.25
105.75
212.25
63
18.75
-13.5
207
126.75
328.5
155.25
164.25
13.5
288.75
-54.75
345.75
132.75
99.75
51.75
249.75
49.5
165
-73.5
145.5
-39.75
365.25
371.25
-71.25
238.5
268.5
225.75
60.75
119.25
246.75
168
-19.5
178.5
96
93.75
-25.5
156
-31.5
217.5
41.25
180
-64.5
153.75
240
-36
61.5
246
198
210.75
341.25
267.75
-19.5
-3.75
297.75
77.25
138
186.75
221.25
258
8.25
365.25
43.5
164.25
186
318.75
78.75
330
87
-36.75
-16.5
198
329.25
161.25
165
132
300
-57
38.25
106.5
-44.25
339
136.5
58.5
366
164.25
156
369.75
-42
-40.5
339.75
275.25
61.5
46.5
181.5
194.25
354.75
99.75
312.75
41.25
295.5
188.25
244.5
248.25
248.25
-11.25
40.5
368.25
138.75
206.25
186
248.25
195.75
102.75
253.5
356.25
-29.25
343.5
25.5
-26.25
285
196.5
-13.5
151.5
144
105
319.5
224.25
-2.25
88.5
321
195
151.5
85.5
284.25
363
99.75
44.25
369.75
188.25
86.25
117.75
32.25
-17.25
113.25
54.75
192
302.25
289.5
-48.75
126
-74.25
222
346.5
290.25
60.75
67.5
321
72.75
270.75
292.5
348.75
147.75
120.75
218.25
200.25
348.75
327.75
165.75
135.75
317.25
-57.75
374.25
344.25
-51.75
354.75
-59.25
-24.75
131.25
-54
57.75
87.75
140.25
39.75
261
261
184.5
71.25
340.5
347.25
135.75
311.25
-24
363
352.5
293.25
-21
-31.5
92.25
21.75
60.75
69
130.5
149.25
80.25
63.75
252
129.75
123.75
365.25
224.25
306
138.75
262.5
77.25
201.75
173.25
-7.5
294
203.25
151.5
96.75
273
315.75
34.5
272.25
25.5
294.75
336
-2.25
295.5
160.5
318.75
213
136.5
227.25
-54.75
43.5
81
123
361.5
214.5
3
371.25
80.25
329.25
239.25
-49.5
120.75
356.25
-48.75
306.75
140.25
-9
206.25
-22.5
99
26.25
308.25
272.25
312.75
101.25
202.5
194.25
326.25
321
264.75
8.25
-29.25
266.25
254.25
198
117.75
-23.25
233.25
204.75
-54
-24
121.5
14.25
42
261.75
294
138.75
-45.75
250.5
241.5
247.5
360
156.75
77.25
329.25
-27.75
300
229.5
-8.25
129.75
181.5
28.5
114
21.75
0.75
354
-14.25
33.75
-60.75
42
69
160.5
183.75
176.25
375
369
46.5
138
-56.25
192.75
-42.75
-30
135.75
-46.5
185.25
351.75
24.75
54.75
213
349.5
279
186.75
227.25
192.75
8.25
174
-12.75
250.5
87.75
177.75
53.25
283.5
186
117.75
143.25
133.5
209.25
17.25
39
4.5
-60
-10.5
-71.25
319.5
346.5
-35.25
231
-40.5
221.25
59.25
164.25
-71.25
54
321.75
-23.25
31.5
296.25
17.25
-39.75
294
-3.75
314.25
328.5
3
118.5
167.25
225
127.5
75.75
-41.25
-25.5
240.75
237
291.75
322.5
312
261.75
129.75
307.5
342.75
316.5
82.5
340.5
78
356.25
190.5
243
170.25
140.25
141.75
98.25
81.75
6.75
233.25
-41.25
297.75
60
128.25
82.5
289.5
123.75
192
-32.25
68.25
366.75
75
264.75
78.75
9.75
83.25
257.25
140.25
-23.25
52.5
192
68.25
370.5
92.25
96
198
137.25
319.5
252.75
301.5
276
-62.25
294
291.75
159.75
61.5
-63.75
4.5
253.5
323.25
21
216
186
162
-18.75
31.5
22.5
71.25
351
108.75
-36.75
-72
-25.5
351.75
216.75
102.75
122.25
48.75
350.25
270.75
211.5
342
206.25
123
37.5
0.75
78.75
-46.5
196.5
210
132.75
54.75
-29.25
246.75
165
312.75
145.5
-63
-26.25
198.75
250.5
298.5
-60.75
358.5
-29.25
197.25
206.25
130.5
249
189
280.5
102.75
105
85.5
149.25
219
129.75
-38.25
39.75
129
150.75
129.75
282.75
345
128.25
309
240.75
243
248.25
36.75
180
154.5
168.75
273
-58.5
214.5
-3.75
42
365.25
88.5
224.25
261
-58.5
315.75
237.75
246.75
81.75
96
65.25
112.5
177.75
253.5
309
232.5
60.75
207.75
61.5
209.25
-39.75
371.25
246
3.75
54
44.25
347.25
148.5
201.75
-25.5
19.5
128.25
325.5
28.5
244.5
99.75
-69
216
-51.75
63
344.25
52.5
358.5
199.5
237
250.5
228.75
326.25
307.5
225
139.5
243.75
153.75
253.5
373.5
33
210.75
223.5
0.75
117.75
-63
237.75
108.75
80.25
130.5
72
69
142.5
331.5
51.75
343.5
84
102
141
47.25
30.75
326.25
-55.5
320.25
-69.75
-35.25
93.75
84
269.25
317.25
153.75
322.5
71.25
126.75
-32.25
129
371.25
0
84.75
249
-56.25
279.75
35.25
120
-23.25
308.25
61.5
111.75
325.5
288.75
370.5
346.5
-53.25
209.25
-34.5
277.5
-8.25
81.75
240
303
57.75
147.75
246.75
37.5
297.75
-14.25
0.75
-54
9
357.75
38.25
127.5
175.5
375
31.5
0.75
15.75
358.5
279.75
-14.25
5.25
325.5
292.5
-36.75
148.5
273.75
154.5
255.75
6.75
80.25
228
-12.75
108
277.5
40.5
52.5
343.5
136.5
45.75
52.5
90.75
303
180
352.5
305.25
304.5
279.75
289.5
30.75
108.75
133.5
351
221.25
238.5
328.5
34.5
46.5
90.75
123
114.75
106.5
159.75
32.25
45
96
102.75
96.75
369
303
-55.5
62.25
266.25
252.75
160.5
-69.75
207.75
55.5
282
5.25
121.5
30
233.25
276.75
-64.5
22.5
21
276.75
231.75
-57
291.75
309
210.75
239.25
111
87.75
114.75
332.25
170.25
241.5
270.75
298.5
89.25
208.5
198
171.75
232.5
263.25
-53.25
246.75
-71.25
-15.75
84
301.5
-54
-22.5
355.5
33.75
324
122.25
321.75
-33
-3
275.25
105
106.5
328.5
23.25
165
-35.25
313.5
322.5
-42.75
-20.25
93
-65.25
-72.75
234
375
-61.5
124.5
320.25
38.25
-10.5
-26.25
314.25
-23.25
226.5
211.5
16.5
166.5
56.25
265.5
-3.75
22.5
142.5
277.5
202.5
126.75
270.75
343.5
264.75
237.75
12.75
268.5
78.75
180.75
189.75
255.75
68.25
351
371.25
342.75
322.5
11.25
239.25
262.5
285
63
261.75
206.25
114
-32.25
207
330
103.5
18
171
-61.5
228
215.25
209.25
333
-72
22.5
-0.75
-67.5
189.75
363
235.5
336
121.5
168
351.75
159.75
71.25
114.75
-33
102.75
27
173.25
243
62.25
246
-75
59.25
121.5
-19.5
29.25
284.25
16.5
280.5
234
134.25
99.75
200.25
57
-24
123
48.75
228
294
93.75
-52.5
251.25
264.75
354.75
106.5
167.25
250.5
252.75
78
43.5
108
294
23.25
214.5
38.25
374.25
261.75
336
357
63.75
254.25
303.75
168.75
173.25
305.25
301.5
231.75
351
-21.75
-40.5
39.75
152.25
61.5
181.5
-33
123.75
94.5
53.25
270
-12.75
199.5
-42
146.25
291
-62.25
336.75
270
213
216.75
282.75
276
-53.25
124.5
-18
159
14.25
90
-48
189
364.5
310.5
86.25
-60.75
135.75
315
147.75
-43.5
155.25
293.25
-3.75
13.5
267
60
-31.5
214.5
136.5
-45.75
211.5
307.5
231.75
-33.75
-44.25
19.5
293.25
214.5
146.25
260.25
293.25
-26.25
-0.75
252
323.25
-27.75
-34.5
249
321.75
89.25
241.5
228
370.5
119.25
87
-43.5
351.75
-62.25
-3
5.25
30.75
132.75
181.5
161.25
-2.25
277.5
-41.25
110.25
-24
322.5
131.25
172.5
170.25
-15
-49.5
272.25
225.75
372.75
-30.75
251.25
71.25
279.75
149.25
39.75
294
279.75
260.25
105.75
339
291.75
156.75
15.75
312
341.25
270.75
183
3.75
366
360
282.75
38.25
50.25
42.75
-72.75
54.75
111.75
326.25
324.75
288
-37.5
118.5
231.75
40.5
61.5
20.25
-6.75
282.75
203.25
371.25
255.75
248.25
349.5
80.25
204.75
296.25
98.25
270.75
303.75
59.25
159.75
-7.5
159.75
105
357
339
353.25
-24.75
168.75
84.75
316.5
64.5
253.5
139.5
296.25
60
327
54.75
10.5
-33.75
-21
123.75
27
90
232.5
339.75
-10.5
240
360
227.25
300
282
163.5
119.25
4.5
135
303.75
361.5
339
124.5
273.75
-56.25
247.5
158.25
11.25
210
-37.5
324
357
-29.25
42.75
224.25
206.25
263.25
297
264
244.5
-2.25
339
318
91.5
282.75
341.25
157.5
-56.25
345.75
60.75
-19.5
350.25
155.25
167.25
188.25
19.5
127.5
261
324.75
-59.25
121.5
140.25
153.75
-9.75
-38.25
25.5
82.5
-58.5
116.25
-13.5
239.25
364.5
292.5
-5.25
341.25
156.75
-67.5
-9.75
126
120
72
121.5
-65.25
107.25
87
21.75
348.75
54
154.5
-71.25
294.75
-66
291
178.5
316.5
84
-11.25
373.5
261.75
7.5
182.25
236.25
104.25
171
338.25
-45.75
296.25
165
287.25
201.75
328.5
295.5
354
333
209.25
234.75
38.25
157.5
123.75
307.5
159
-0.75
156.75
214.5
-19.5
253.5
222.75
285.75
131.25
177.75
285
303.75
177.75
154.5
113.25
174
143.25
249
-11.25
64.5
288
204
-69.75
117.75
186
365.25
27
101.25
49.5
56.25
-74.25
330
375
370.5
333.75
236.25
-22.5
269.25
357
-3.75
204
336
172.5
339
374.25
299.25
-74.25
-30.75
309
366
15.75
182.25
171.75
-37.5
-22.5
360
-11.25
72
373.5
36.75
81
270.75
261.75
242.25
23.25
234.75
162
346.5
275.25
72.75
-52.5
318
148.5
247.5
19.5
227.25
358.5
150.75
-39.75
180
93
145.5
6.75
252.75
259.5
132.75
72.75
76.5
38.25
333.75
131.25
0.75
36
338.25
141.75
210.75
323.25
372
67.5
-72
96
191.25
18
-42.75
315
183.75
207.75
151.5
135
268.5
293.25
102.75
54.75
61.5
210
214.5
177.75
213
354.75
27.75
-12.75
110.25
294
32.25
169.5
278.25
-61.5
14.25
318
180.75
15
-5.25
-50.25
195
296.25
38.25
-27.75
76.5
-70.5
8.25
345.75
7.5
50.25
75
61.5
298.5
274.5
167.25
14.25
39
207
-7.5
174.75
-20.25
42.75
-48
-60
292.5
156.75
58.5
313.5
228.75
276
45.75
51.75
162.75
74.25
171
225.75
272.25
123.75
248.25
48
27.75
54.75
205.5
321.75
150.75
-41.25
12.75
-42.75
220.5
329.25
-21.75
280.5
184.5
321
132
175.5
222
78.75
59.25
287.25
262.5
-6
164.25
317.25
-6.75
353.25
277.5
108
85.5
-68.25
-27.75
56.25
9.75
353.25
-21.75
-57.75
291
-39.75
130.5
315
28.5
23.25
201
301.5
7.5
334.5
276.75
228
7.5
116.25
113.25
285.75
183
79.5
-61.5
284.25
136.5
344.25
138.75
79.5
270.75
98.25
308.25
-68.25
222.75
-51.75
262.5
113.25
288.75
285
3.75
246.75
-49.5
368.25
351.75
132
254.25
321
366
244.5
201.75
209.25
232.5
30
-6.75
258.75
110.25
92.25
297.75
308.25
243
270
239.25
-69
-18
260.25
-3.75
102.75
-18.75
79.5
354.75
-41.25
292.5
300.75
258
129.75
178.5
227.25
295.5
23.25
-21
126.75
345
336.75
314.25
265.5
255
33.75
210.75
141.75
126
139.5
297.75
311.25
29.25
21.75
207
13.5
333.75
287.25
-53.25
37.5
7.5
39
141
198
15
279.75
177
371.25
-58.5
369
-17.25
137.25
51
348
54
9
196.5
306.75
34.5
-10.5
133.5
274.5
285.75
340.5
-3
-11.25
283.5
-33.75
119.25
-70.5
0
-37.5
116.25
73.5
-75
274.5
-13.5
21
242.25
75.75
296.25
279
-66
368.25
64.5
152.25
165.75
-54.75
237
33
30
230.25
321
76.5
98.25
167.25
90.75
69.75
49.5
348
299.25
294.75
-66.75
64.5
255.75
-70.5
27
324
138.75
360
309.75
-47.25
-18.75
-25.5
41.25
144.75
318.75
197.25
120.75
90.75
189
48.75
345
123
291
-3.75
288.75
27.75
269.25
288.75
246.75
327.75
50.25
279
101.25
337.5
108.75
43.5
-33
150.75
312
317.25
7.5
367.5
238.5
277.5
189.75
168.75
156.75
128.25
27.75
-1.5
207
313.5
279.75
175.5
6
291
337.5
6
157.5
189
-57.75
310.5
299.25
104.25
242.25
211.5
368.25
373.5
137.25
30
369
87
230.25
55.5
181.5
199.5
201.75
7.5
179.25
141.75
83.25
241.5
276.75
252.75
164.25
150
-23.25
52.5
-18.75
-48.75
183.75
-60.75
342
278.25
96
144
369.75
3.75
187.5
300.75
247.5
81
290.25
191.25
3
142.5
105
-30
124.5
14.25
357
190.5
44.25
-62.25
30.75
280.5
302.25
231.75
197.25
-49.5
225.75
185.25
-25.5
302.25
221.25
-45
216.75
182.25
-6
363.75
138
357.75
330
-8.25
322.5
283.5
36.75
128.25
306
78.75
171.75
-36
25.5
30
63.75
302.25
69.75
84.75
27.75
42.75
-47.25
303
266.25
134.25
-44.25
9
340.5
-63
-12
87
306.75
114
228
308.25
211.5
102
78.75
150.75
49.5
76.5
21
288.75
0.75
-13.5
92.25
163.5
225
315.75
13.5
147.75
-22.5
352.5
278.25
-66
72.75
356.25
312
264
12
73.5
147.75
316.5
-60
216.75
123.75
300
362.25
27
162
102.75
324.75
275.25
266.25
128.25
-74.25
347.25
197.25
321
-63
16.5
357.75
98.25
201
237
335.25
3
309.75
261.75
193.5
20.25
132
144.75
297
108
105.75
264.75
193.5
-46.5
111
311.25
123.75
-34.5
300.75
41.25
351.75
114
124.5
192
190.5
135.75
162.75
172.5
9
27
165
296.25
142.5
301.5
22.5
291.75
350.25
-63.75
117
261.75
45.75
-2.25
83.25
232.5
186
7.5
186.75
-19.5
54
106.5
328.5
234
221.25
307.5
112.5
106.5
-12
72.75
249
161.25
298.5
37.5
57.75
282.75
159.75
135
171.75
56.25
247.5
308.25
35.25
330.75
-25.5
234
327.75
276.75
242.25
-39
155.25
219
22.5
0
371.25
291
22.5
-51
88.5
206.25
318
-64.5
102
268.5
253.5
279.75
365.25
167.25
57
216.75
133.5
207.75
348
162
-42
-45
342
174.75
323.25
278.25
-69
329.25
17.25
343.5
90
284.25
288
128.25
26.25
324
26.25
-50.25
186.75
217.5
162.75
159.75
303.75
289.5
-67.5
-57.75
69.75
312
81.75
245.25
129.75
42
326.25
318
158.25
36
120
-27
214.5
167.25
268.5
228
208.5
259.5
68.25
120
219.75
255
306
300.75
64.5
147.75
318.75
12
-49.5
237
61.5
66.75
164.25
346.5
36
39
25.5
94.5
19.5
81.75
358.5
19.5
328.5
54
170.25
27
346.5
45.75
105.75
-28.5
219.75
-50.25
78.75
-9.75
132.75
-37.5
45
183
156.75
55.5
-11.25
196.5
41.25
-51
93.75
42.75
372
43.5
102
351.75
187.5
195
288.75
195.75
-73.5
13.5
201.75
-19.5
306.75
181.5
-63
234.75
97.5
357.75
213
294.75
-50.25
363
66
64.5
23.25
75
183
265.5
147
327.75
299.25
292.5
173.25
80.25
285.75
0
314.25
348.75
119.25
293.25
248.25
-59.25
360
201.75
319.5
327
100.5
33.75
145.5
117
111
307.5
362.25
277.5
331.5
-68.25
36.75
346.5
-63
280.5
60
56.25
86.25
297
6
329.25
39
181.5
373.5
231.75
165.75
327.75
179.25
211.5
287.25
339.75
215.25
126.75
-9
311.25
346.5
110.25
321.75
-38.25
210.75
45
-16.5
-61.5
-6
135
230.25
228
146.25
3.75
341.25
344.25
-27.75
274.5
74.25
99
228
127.5
-39
130.5
155.25
181.5
239.25
231.75
102
56.25
326.25
184.5
372
-69
264.75
154.5
45
6.75
-28.5
-30
-71.25
269.25
283.5
85.5
268.5
-27.75
107.25
107.25
24
56.25
182.25
108.75
281.25
15
43.5
39.75
336
-27
-51
113.25
310.5
218.25
173.25
152.25
6.75
120
229.5
238.5
299.25
-66.75
216
24.75
-75
-39.75
84.75
11.25
12
101.25
375
-20.25
232.5
156.75
207.75
111
-27
323.25
364.5
183
202.5
120.75
312
298.5
0
167.25
-61.5
93.75
151.5
256.5
177.75
373.5
342.75
-67.5
217.5
165.75
38.25
213.75
-58.5
305.25
276
-69
150.75
289.5
-72
-46.5
237.75
237.75
63.75
216
-12
36
195
222.75
327
348
231
99
136.5
49.5
346.5
184.5
51
243
22.5
-41.25
174
-53.25
368.25
-17.25
38.25
-54
180.75
336.75
145.5
317.25
-12.75
49.5
-17.25
183.75
6.75
81
-13.5
108.75
51.75
57.75
291
-12.75
114
168.75
-6.75
-72
232.5
-21.75
-47.25
367.5
-2.25
352.5
24.75
222.75
322.5
60.75
264.75
150.75
44.25
186
333
30.75
276.75
324
220.5
256.5
299.25
211.5
147
-42.75
192
109.5
235.5
21
-40.5
305.25
257.25
42
124.5
-57
-36.75
303
197.25
219.75
221.25
361.5
264
336.75
-63
159
328.5
4.5
13.5
132.75
332.25
40.5
198.75
57
216
336.75
-34.5
297
70.5
328.5
261
-30.75
3
48.75
282.75
60.75
137.25
-33
-26.25
-29.25
122.25
123
245.25
183
299.25
24.75
9
139.5
348.75
216.75
351.75
222.75
204.75
111
179.25
214.5
201
221.25
-25.5
-45.75
27
234.75
147.75
102.75
68.25
50.25
306
117
298.5
359.25
338.25
111.75
9
-24
74.25
42.75
134.25
327.75
374.25
59.25
-3
234.75
344.25
152.25
333
282
223.5
334.5
6.75
84
31.5
27.75
154.5
112.5
24.75
80.25
-49.5
-27.75
206.25
126.75
21.75
289.5
147.75
51.75
237
131.25
-61.5
131.25
95.25
2.25
221.25
113.25
-33.75
-75
200.25
171.75
144.75
192
61.5
-35.25
54
63
239.25
146.25
75
-52.5
251.25
113.25
-12.75
271.5
230.25
189.75
330
147.75
246
-35.25
119.25
203.25
198
167.25
366
139.5
337.5
253.5
134.25
138.75
-53.25
368.25
82.5
-23.25
130.5
-36.75
13.5
-27.75
204
162.75
255.75
273.75
-54.75
26.25
135.75
126.75
-36.75
311.25
282.75
24
85.5
86.25
262.5
-56.25
371.25
178.5
77.25
114.75
360.75
342
282
179.25
-54
-64.5
-13.5
128.25
92.25
6.75
-6
59.25
9
326.25
-65.25
234
44.25
316.5
57.75
45.75
42
-57
23.25
-20.25
151.5
184.5
-22.5
371.25
-41.25
107.25
177
-12.75
94.5
330.75
335.25
71.25
285
106.5
214.5
33.75
-21
102
114
226.5
333.75
143.25
324.75
208.5
-57.75
56.25
-74.25
210.75
45
158.25
369
309
50.25
-42.75
-75
362.25
73.5
281.25
285.75
132.75
-52.5
143.25
-62.25
-12
228.75
60.75
185.25
184.5
152.25
361.5
-66
-25.5
-23.25
253.5
275.25
216.75
297.75
337.5
266.25
322.5
354.75
237.75
-59.25
192
-26.25
36.75
67.5
77.25
63
261
-75
-69
281.25
66.75
12
294
363
-9
21
70.5
131.25
340.5
282
117
148.5
231.75
-60.75
225
42.75
-55.5
270
305.25
-63.75
183.75
155.25
-72.75
155.25
93.75
-63.75
130.5
110.25
92.25
9.75
332.25
282.75
330.75
-33
302.25
153.75
258.75
134.25
43.5
89.25
204
-12.75
-23.25
-26.25
328.5
130.5
-65.25
220.5
354
240
-37.5
-39.75
315
269.25
-18
-39
65.25
69.75
276.75
-9
63
-63.75
-14.25
305.25
72
225
252.75
342.75
212.25
350.25
340.5
130.5
-39.75
338.25
333
327
167.25
348.75
15.75
375
167.25
314.25
162.75
-14.25
126.75
1.5
173.25
178.5
238.5
6.75
308.25
66
-72
194.25
138.75
208.5
19.5
38.25
310.5
-34.5
66.75
235.5
220.5
246.75
291
236.25
75.75
135
162
153.75
110.25
26.25
174
104.25
139.5
-66.75
258
369.75
-5.25
-68.25
354
193.5
159
275.25
333
240.75
225.75
246
316.5
63.75
118.5
27
52.5
342.75
121.5
282.75
184.5
281.25
180.75
270
221.25
357
164.25
363.75
258
276
69
101.25
365.25
-12.75
43.5
201.75
123
-58.5
101.25
49.5
22.5
-59.25
71.25
254.25
149.25
315.75
342
26.25
135.75
158.25
354
44.25
33.75
284.25
202.5
36.75
225.75
-33
233.25
119.25
333
30
84
95.25
-7.5
365.25
-54.75
348.75
98.25
223.5
94.5
201.75
138.75
250.5
357.75
306
348.75
143.25
281.25
290.25
362.25
46.5
-60.75
16.5
106.5
-36.75
206.25
-6.75
289.5
124.5
256.5
217.5
90.75
-21.75
361.5
174.75
157.5
-58.5
148.5
306.75
84
359.25
34.5
-47.25
306.75
326.25
-17.25
321.75
20.25
339
-64.5
135
246.75
372
355.5
-36.75
297.75
261.75
-23.25
309.75
-18
291.75
-63
234
-20.25
291.75
328.5
-45.75
45
137.25
-75
264.75
234
161.25
132
331.5
135
61.5
7.5
-52.5
279
236.25
2.25
258
208.5
-33
132.75
318.75
77.25
315.75
-58.5
123
267.75
7.5
308.25
369
240.75
244.5
174.75
126.75
-45.75
38.25
121.5
-9.75
53.25
63
108
329.25
303.75
55.5
-48.75
295.5
253.5
330.75
-54
115.5
325.5
115.5
247.5
349.5
87
97.5
27
227.25
360.75
-32.25
361.5
213
64.5
4.5
290.25
270
291
298.5
135.75
16.5
345
204
-54.75
232.5
360
98.25
89.25
261.75
173.25
73.5
201
310.5
24.75
170.25
180
255
-44.25
-72.75
53.25
-43.5
263.25
-62.25
171
-15.75
321
269.25
48
160.5
170.25
174
-4.5
314.25
175.5
20.25
371.25
338.25
271.5
76.5
285.75
158.25
150.75
298.5
9
48
-57
109.5
83.25
98.25
-72.75
354
3
303.75
321.75
-21.75
167.25
276
228
362.25
288.75
87.75
70.5
366
129.75
55.5
-0.75
160.5
154.5
219
-41.25
316.5
136.5
17.25
-48.75
-17.25
66
271.5
-31.5
271.5
109.5
312.75
253.5
373.5
363.75
38.25
231
-54
-15.75
372.75
-65.25
-15
291
-37.5
278.25
276
4.5
362.25
357.75
63
93
347.25
-33.75
303
93
0
61.5
81.75
366
312
71.25
-9.75
282
251.25
162
93
141.75
117
324
314.25
25.5
289.5
279
136.5
96.75
81
0.75
180.75
-22.5
-9.75
104.25
228.75
125.25
367.5
316.5
81
351.75
276.75
-25.5
61.5
339
47.25
261
268.5
179.25
234.75
171
304.5
294
336
51.75
49.5
125.25
357
-74.25
257.25
103.5
64.5
201.75
275.25
145.5
237
128.25
106.5
-10.5
312.75
276
44.25
294.75
159.75
60
-32.25
219.75
138
212.25
276
98.25
279.75
165.75
-30.75
-17.25
318.75
338.25
198.75
218.25
115.5
146.25
-3.75
12
81.75
277.5
270
198
105
164.25
-26.25
92.25
-5.25
-45
164.25
251.25
-48
270
-13.5
268.5
374.25
362.25
290.25
48
322.5
326.25
94.5
150.75
10.5
141.75
123.75
86.25
350.25
321
339
-12
305.25
249
0.75
-14.25
115.5
266.25
369.75
116.25
4.5
333
-54.75
33.75
18
331.5
244.5
111.75
79.5
135.75
52.5
325.5
9.75
340.5
0
264.75
153.75
250.5
21.75
201.75
155.25
238.5
337.5
-33
-22.5
-45
172.5
266.25
361.5
98.25
296.25
-19.5
84.75
60
-33.75
252
-66
156.75
154.5
301.5
264
76.5
135.75
256.5
108
193.5
366.75
366.75
324.75
-57
79.5
155.25
54.75
370.5
9
-34.5
262.5
196.5
-15
8.25
186
40.5
-1.5
226.5
36.75
279.75
30
258.75
371.25
357
273
60.75
-1.5
174.75
148.5
-54.75
195
-42.75
41.25
335.25
192
300
65.25
309
369
219
-38.25
371.25
119.25
372
192
207.75
18
162.75
120.75
275.25
197.25
329.25
150
-15.75
129
79.5
3.75
36.75
346.5
284.25
123.75
-21.75
81.75
141.75
191.25
230.25
-54
150.75
243.75
-51.75
295.5
245.25
20.25
273
81.75
289.5
-30
-29.25
246.75
-43.5
362.25
-51
17.25
280.5
0
-61.5
231.75
109.5
253.5
270.75
49.5
21
78.75
40.5
253.5
99.75
-69
230.25
30
-24
56.25
66
-45.75
144
-60
146.25
73.5
121.5
-46.5
356.25
85.5
345.75
123
307.5
13.5
-6
279.75
223.5
-45
283.5
149.25
319.5
213.75
223.5
288.75
234.75
301.5
284.25
101.25
370.5
164.25
-27
105
304.5
360.75
219.75
-48.75
156
150
300.75
-7.5
74.25
69
221.25
48.75
204.75
117
144
168
174.75
30.75
141.75
202.5
30.75
291
21
93
149.25
-30
-1.5
215.25
240.75
144.75
51.75
21
27
33.75
16.5
-21.75
156
-72.75
131.25
180.75
269.25
-45
21
-69
291
229.5
150.75
0.75
363.75
207
50.25
-5.25
209.25
-57
147.75
339
-33
25.5
245.25
143.25
167.25
372.75
2.25
108
204.75
92.25
276.75
3
192.75
213.75
-63
126.75
204.75
292.5
102.75
-39.75
248.25
183.75
45
210
165.75
318
259.5
-3.75
-69.75
300.75
351
174
45
-37.5
252.75
348.75
287.25
97.5
58.5
0
256.5
15
188.25
312
360.75
8.25
36.75
69.75
-31.5
243
46.5
360
2.25
141
243.75
294
93.75
-51
225.75
188.25
350.25
101.25
24
64.5
127.5
285
182.25
309.75
297.75
35.25
228
328.5
66
-66
231
54
-9.75
160.5
303
159.75
112.5
66.75
-42
352.5
-49.5
297
-54
345
111
-51.75
81.75
45.75
207.75
349.5
156
87
276
75.75
-21
16.5
-74.25
178.5
90.75
93
39.75
9
318.75
171
50.25
-42
-33.75
202.5
168
-16.5
36.75
339.75
331.5
43.5
82.5
82.5
360.75
12.75
119.25
139.5
30
190.5
251.25
147.75
155.25
114
171.75
43.5
358.5
227.25
317.25
159
314.25
230.25
38.25
108.75
48.75
-5.25
-26.25
-39.75
-45.75
132
91.5
360
35.25
98.25
-5.25
228
123.75
212.25
282
275.25
349.5
161.25
-60
201
352.5
-45.75
343.5
204
120.75
354.75
31.5
344.25
35.25
30.75
255
-73.5
-36.75
363.75
-5.25
339.75
-63.75
88.5
-64.5
123.75
249.75
204
20.25
126
333
93.75
134.25
105
129.75
361.5
116.25
-63.75
11.25
-57.75
9
147
159.75
142.5
156
65.25
59.25
-36.75
329.25
172.5
-42.75
109.5
368.25
264.75
-53.25
339.75
-14.25
296.25
162
345.75
-71.25
329.25
166.5
-64.5
329.25
15
264
-8.25
63
-15.75
137.25
-24
168.75
96
39
138
119.25
261
176.25
146.25
375
-49.5
75
140.25
15
212.25
350.25
327
45.75
33.75
233.25
171
205.5
130.5
-51
106.5
249.75
209.25
246.75
284.25
93
307.5
75.75
86.25
61.5
226.5
108
228.75
-61.5
95.25
99.75
108.75
279
45
-60
66
114.75
90
229.5
331.5
188.25
24.75
333.75
-35.25
15.75
-8.25
58.5
159.75
-63
247.5
246
318.75
316.5
102.75
261.75
311.25
88.5
-50.25
24.75
-36
-54
18.75
126
-33.75
145.5
70.5
266.25
349.5
197.25
267.75
65.25
210.75
60
-49.5
-65.25
264.75
262.5
164.25
29.25
79.5
240
159
43.5
315.75
370.5
-72
-50.25
159.75
42
297
195
311.25
144
285
-57.75
228.75
291
38.25
281.25
-6
27.75
108
-51.75
0.75
11.25
88.5
298.5
78
327.75
258
217.5
345
-67.5
9
171
176.25
48
256.5
10.5
81
95.25
299.25
159
63
280.5
17.25
-1.5
153
147
165.75
191.25
78.75
165
330.75
122.25
-38.25
351.75
-26.25
198
-30.75
165
324.75
308.25
86.25
-41.25
57
123
105
72.75
276
182.25
114
231.75
232.5
288
168.75
-39.75
-48
-42.75
125.25
138.75
77.25
341.25
-38.25
315.75
288
129
-71.25
62.25
275.25
65.25
-42
206.25
-9
79.5
96
33.75
253.5
116.25
302.25
63
45
338.25
-49.5
276.75
36
56.25
141
336
32.25
121.5
-19.5
300
45
106.5
-42.75
-67.5
-57.75
273
294.75
251.25
213
239.25
306
81
232.5
256.5
321.75
330.75
115.5
350.25
185.25
69.75
165.75
-57
347.25
96.75
-42
366
248.25
327.75
244.5
111.75
321
274.5
363
201
189
-46.5
293.25
204
370.5
23.25
149.25
-18
358.5
254.25
359.25
309
177
190.5
284.25
-42.75
279
204
330.75
231.75
298.5
3.75
62.25
18.75
345
306
324.75
369
57
-9
-69.75
105
177.75
356.25
353.25
162.75
340.5
351.75
201
233.25
324
165
192.75
-33
43.5
177.75
234
240
57.75
263.25
-32.25
344.25
197.25
4.5
94.5
249.75
14.25
45.75
333
93.75
265.5
-73.5
-75
-11.25
307.5
288.75
8.25
282.75
-21
130.5
253.5
-3
-52.5
342
132.75
166.5
210
283.5
8.25
34.5
357
38.25
276.75
255
281.25
351.75
235.5
188.25
42
-74.25
173.25
340.5
-53.25
85.5
318.75
12.75
72
278.25
78.75
183
90.75
212.25
270.75
-15.75
111.75
297
12
-30.75
160.5
249.75
255.75
328.5
160.5
49.5
193.5
163.5
-40.5
171.75
302.25
-65.25
-57
-71.25
97.5
0.75
84
46.5
-74.25
85.5
94.5
354
170.25
219.75
362.25
-15.75
-2.25
63
51
116.25
273
159
46.5
66.75
245.25
184.5
-70.5
135.75
-20.25
153
188.25
126
275.25
200.25
3
68.25
310.5
99.75
293.25
312
242.25
63
208.5
246.75
300.75
348
-39
306
-27.75
10.5
-26.25
151.5
243.75
245.25
117
176.25
271.5
168.75
172.5
165
180
-42.75
108
27.75
204
178.5
140.25
82.5
353.25
371.25
116.25
192
149.25
-54
6.75
332.25
220.5
366
24
45
288.75
-5.25
96
-10.5
182.25
-63.75
21.75
344.25
264
-63.75
274.5
-70.5
315.75
184.5
354.75
-73.5
233.25
76.5
108.75
102
103.5
-42.75
17.25
304.5
348
290.25
306
135
156.75