480
59
331
416
ABA
383
240
393
342
449
487
487
156
461
301
2
467
81
442
19
368
7
77
205
19
448
37
290
63
384
135
198
56
11
368
8
232
294
198
210
178
270
454
330
473
118
359
365
189
76
229
94
215
89
13
488
64
223
11
71
142
136
157
386
100
499
137
499
31
169
16
457
231
356
56
272
106
152
391
439
107
69
141
246
375
409
339
104
222
481
405
357
365
466
368
269
478
267
154
277
312
380
211
46
3
363
399
333
64
154
328
408
411
278
46
170
239
474
12
285
134
260
161
251
193
464
325
452
30
255
297
23
375
366
199
333
379
273
405
64
300
19
194
207
313
298
172
423
84
132
396
252
440
234
23,45
325
30
101
246
166
225
299
39
477
342
11
436
166
241
273
282
96
370
459
22
89
466
268
52
341
346
433
170
190
72
204
38
276
393
379
213
96
207
464
52
166
107
256
159
259
211
281
241
138
497
168
137
482
105
369
163
415
330
149
414
76
448
215
447
375
56
175
228
268
278
350
215
23
156
348
163
11;54
177
249
148
370
96
86
ll
76
47
359
203
1
302
27
68
327
123
290
278
148
220
186
494
430
290
254
46
117
486
170
433
286
14
195
364
450
40
41
369
153
450
500
334
15
50
84
466
9
364
304
286
14
285
272
441
239
341
18
80
13
120
277
420
73
488
393
277
190
139
331
268
390
282
63
332
211
109
385
27