127620004531949000000.00
205822098385834000000.00
105867278696031000000.00
357674511627146000000.00
109807752334445000000.00
367439257917343000000.00
271512973294204000000.00
276731164107176000000.00
132747781405543000000.00
339511545384092000000.00
180716628557026000000.00
274593037664455000000.00
231943245646675000000.00
275639751347022000000.00
275215065661158000000.00
120213718740709000000.00
262769298899153000000.00
346942809560793000000.00
283496772186932000000.00
160129076186253000000.00
52891477555443300000.00
137505740134680000000.00
27277278613241800000.00
276725131425480000000.00
73879771829632400000.00
123326959463409000000.00
182356911000280000000.00
134637300542663000000.00
190146705606866000000.00
116816045617989000000.00
149001192834105000000.00
182678113072057000000.00
171979368622282000000.00
68607525451200100000.00
300509698027978000000.00
361479462225830000000.00
51784536861253600000.00
349952631194326000000.00
364697620998710000000.00
186247503255949000000.00
61502457861358700000.00
38358829824519500000.00
323932785870572000000.00
153263307689505000000.00
40309176998521200000.00
251087512052713000000.00
183124580413681000000.00
183829976800067000000.00
305511248985711000000.00
305957048522058000000.00
286148149742502000000.00
298753001500566000000.00
50444509574770700000.00
328201492170128000000.00
254488114110720000000.00
194774679990026000000.00
119826897918478000000.00
145242397046748000000.00
325894042262044000000.00
369376945651185000000.00
237070343779476000000.00
91726055459436200000.00
267880524306479000000.00
237966135658350000000.00
109807212315684000000.00
337023924104133000000.00
91438889854969800000.00
328110795970061000000.00
247969997623142000000.00
251952568839359000000.00
231572103588378000000.00
178711185832526000000.00
38215560055199000000.00
288221882492181000000.00
104437860350645000000.00
12859488849272400000.00
117178397983659000000.00
35236187830983400000.00
105669223049199000000.00
225100037177584000000.00
293377761314951000000.00
273002300173958000000.00
48198874849881800000.00
277842008442532000000.00
11751601516222000000.00
173438038433050000000.00
51858365161490900000.00
139689681458667000000.00
218704676669641000000.00
199902990011968000000.00
230946221605361000000.00
53456203967880900000.00
3334061668523010000.00
205444810568096000000.00
275229552042820000000.00
90385560551797500000.00
237840935803028000000.00
33497230033298700000.00
112857284324308000000.00
122574062197974000000.00
173284685917077000000.00
200784890997970000000.00
140969315097824000000.00
8669356783040400000.00
203283051387547000000.00
317933954541449000000.00
140174673033640000000.00
176902780602869000000.00
566569032951228000.00
193129735905695000000.00
263826146621953000000.00
12854824091495700000.00
54065354809211500000.00
237758227290966000000.00
328903046355476000000.00
218694349070495000000.00
276867158612781000000.00
215675399049671000000.00
261299803647940000000.00
264931253504651000000.00
3787538566608490000.00
347944550560213000000.00
205264079367320000000.00
314575932977118000000.00
231610740274366000000.00
327451129991447000000.00
95974699781814500000.00
63120952722153800000.00
75941555769001700000.00
160620552813525000000.00
139516852502282000000.00
324467959265032000000.00
80446020841462000000.00
352518089867413000000.00
110652373765405000000.00
59621992258041700000.00
38432222947123900.00
229659673584119000000.00
334591252756312000000.00
245567041799774000000.00
279357189147288000000.00
210661580697017000000.00
24075902888010200000.00
56669265567581000000.00
55105664507485400000.00
271498907714175000000.00
26254508012126700000.00
19725895128038200000.00
371255462361615000000.00
114797369210180000000.00
44263682020789700.00
179453005182600000000.00
348412548696752000000.00
145656741864164000000.00
232582422717191000000.00
78049628932681200000.00
185096812330006000000.00
271135708455054000000.00
367251373991047000000.00
226934476061861000000.00
47669962281914100000.00
157155709156958000000.00
68957233122488900000.00
190422072807237000000.00
36193347776142600000.00
26274104706714000000.00
72647620194673400000.00
94368860565877700000.00
66596020841553500000.00
180854427060874000000.00
38103393674538500000.00
41281970227431800000.00
203379435450584000000.00
36647156085393500000.00
50857067913821600000.00
258994427773841000000.00
262342523605026000000.00
140102247480639000000.00
77867471984783500000.00
231545171832896000000.00
81525832565964800000.00
353982033494844000000.00
210098391656597000000.00
105904725557247000000.00
52602024910651800000.00
77326611363078500000.00
33491902621416400000.00
164201543960875000000.00
88756741519239400000.00
208147409480218000000.00
259126577496068000000.00
333046348613030000000.00
72137690187063300000.00
246011453202311000000.00
55771128090317000000.00
126052434485818000000.00
280309980757985000000.00
22358171320449700000.00
70300723827413800000.00
240197642654397000000.00
79008900236229600000.00
343179319804648000000.00
193128079156162000000.00
32676672105641000000.00
260205291012393000000.00
249017585195724000000.00
148672947815840000000.00
370042510494053000000.00
195131660090540000000.00
298309071194748000000.00
134726642226443000000.00
265024186480307000000.00
325846240244730000000.00
351378877330190000000.00
215760018572147000000.00
3214932489398090000.00
50897184552871900000.00
31114048252596400000.00
170871470809758000000.00
197723481903691000000.00
176541877794868000000.00
189779932499136000000.00
337093968896679000000.00
151342734577213000000.00
321817871545924000000.00
5246752926164400000.00
238313885323624000000.00
341137497897385000000.00
151475171937045000000.00
252672878265391000000.00
310927367553660000000.00
336843459676134000000.00
100852706403986000000.00
188487845327376000000.00
245060604333865000000.00
285718619560886000000.00
211826620506612000000.00
301238834023003000000.00
87020678505980900000.00
324830232536124000000.00
124465589884898000000.00
71421865266662700000.00
310449819063002000000.00
72075465421933300000.00
10307270980835700000.00
178770365420240000000.00
319507673094932000000.00
251517531465526000000.00
107618532405293000000.00
288480768018918000000.00
20809758534547800000.00
279187912366813000000.00
235078860424262000000.00
163315193675563000000.00
116175409222127000000.00
25733403362168500000.00
188107016197397000000.00
129630251417589000000.00
351514838410736000000.00
299289098823411000000.00
310267770907717000000.00
130587304325314000000.00
188222757996995000000.00
260940274267067000000.00
277036702398459000000.00
333870275671605000000.00
52175887384205800000.00
368708745443291000000.00
79938722067387900000.00
317774475914433000000.00
85815184392405000000.00
186092173097768000000.00
56947441728635300000.00
18513988116188300000.00
94884008067339200000.00
368354269838458000000.00
208633326848032000000.00
208592912235453000000.00
261088985644558000000.00
257142534223826000000.00
34401010404573900000.00
277414696379767000000.00
307841025189927000000.00
284041123724131000000.00
74768466645681800000.00
267384638531700000000.00
356218767261348000000.00
66337855815038900000.00
182489755346834000000.00
106085252662987000000.00
283875557744981000000.00
13511779719294600000.00
19213279514924000000.00
245745391164817000000.00
110309105033857000000.00
231867312311038000000.00
32938279073538100000.00
188141093342121000000.00
97964684086830600000.00
337169173792252000000.00
82057740698838300000.00
82723942572465400000.00
120281474114143000000.00
216900663166819000000.00
335805696442623000000.00
20905145430890500000.00
371152614659970000000.00
368943527856479000000.00
45361824611581500000.00
194926687023035000000.00
246274534082770000000.00
310454678815549000000.00
322942559920819000000.00
262222989920426000000.00
105875140308657000000.00
58927008139268800000.00
366445863665497000000.00
109601210566368000000.00
138928883499342000000.00
64778486762538400000.00
82724510591903300000.00
262348153415865000000.00
14194995750962300000.00
6501087680251440000.00
333147907579005000000.00
12083734954684100000.00
110185966615811000000.00
94604245905840600000.00
10859783219417900000.00
253859537172769000000.00
30481809145491800000.00
225273861039320000000.00
20982104184591200000.00
23576099132557300000.00
197496527298651000000.00
183460539337098000000.00
258734605348325000000.00
234814542157284000000.00
148068594633081000000.00
174791945953682000000.00
279994519190145000000.00
241460009681338000000.00
256267428145791000000.00
5536388467780750000.00
313135985166830000000.00
178162204298665000000.00
149357626120046000000.00
326439690756977000000.00
141498799890081000000.00
262384145268123000000.00
145240276040519000000.00
280512292105453000000.00
121278424701801000000.00
66666270111158200000.00
139840667491273000000.00
348680386496533000000.00
351872125850781000000.00
267607827023683000000.00
179278425669930000000.00
314031103285278000000.00
93421761490138100000.00
116423356803114000000.00
250597118262238000000.00
277569427011428000000.00
176775389209508000000.00
117497977093702000000.00
32266372471058000000.00
87622913894152600000.00
81151336053147100000.00
314722155105877000000.00
304371428545716000000.00
221943879462886000000.00
50575016545324800000.00
194176764043868000000.00
127344092809479000000.00
82340037809243300000.00
179290252754677000000.00
130644937105914000000.00
173752008595521000000.00
110520700655515000000.00
137525941747950000000.00
68855334232455500000.00
363657990539457000000.00
203069937258834000000.00
41641161210894500000.00
132382827111165000000.00
63424049300927300000.00
298320984128556000000.00
178894115078869000000.00
290415333076059000000.00
338718747428244000000.00
226158344709212000000.00
303013618780214000000.00
305465334773602000000.00
282519877357882000000.00
240895850950229000000.00
26897023663776700000.00
42909842716938000000.00
157297762937438000000.00
56214016681869600000.00
213164584160491000000.00
235678518752318000000.00
356815850130873000000.00
178248391684448000000.00
273465413273099000000.00
22891692219027000000.00
202149103001268000000.00
97223922511128800000.00
125668338657740000000.00
104925902313913000000.00
62894867808673700000.00
4990029696449310000.00
186521545600893000000.00
172265800623543000000.00
326598721744707000000.00
333637420338219000000.00
169732157053364000000.00
348849539100848000000.00
352945145243970000000.00
118564741715722000000.00
474156524686894000.00
137438500468448000000.00
362935598672650000000.00
19365077448540200000.00
6759070569630610000.00
74363737975031300000.00
286971245314837000000.00
207255574779315000000.00
135776414189681000000.00
229317917666931000000.00
352905835952459000000.00
319884909459822000000.00
213367677927367000000.00
240311557593523000000.00
107042735341936000000.00
49248907926758900000.00
329066801841293000000.00
307931949113568000000.00
221228516335423000000.00
103260714259934000000.00
190422009947772000000.00
205326592843987000000.00
119542247867229000000.00
302448496218049000000.00
165080084009530000000.00
374702440508881000000.00
337078128362769000000.00
308248935636737000000.00
70931338853776500000.00
301417935455011000000.00
332866656247088000000.00
138330074738981000000.00
86847886557053200000.00
151895570008041000000.00
39044555436858700000.00
159715821470185000000.00
27647721341124600000.00
303016624140735000000.00
77888186141658900000.00
348691209255385000000.00
152137829616430000000.00
227805874172361000000.00
347682031411217000000.00
105823180890252000000.00
86036741903722800000.00
157149203390203000000.00
106565637601382000000.00
190056150456054000000.00
267307052137254000000.00
253327006567717000000.00
220618513077498000000.00
175601339952064000000.00
220772609856060000000.00
40473441875248600000.00
198861467148924000000.00
199218281546439000000.00
112212056934979000000.00
107783325016480000000.00
367293396378344000000.00
134388457081014000000.00
223213570014590000000.00
263369202439519000000.00
355739772717263000000.00
103838045490730000000.00
84835788074433700000.00
170739486152829000000.00
56074888202793300000.00
297582609916191000000.00
13495524797749700000.00
9778497126858690000.00
8612203284421650000.00
300351126907028000000.00
349392926591062000000.00
300687454593191000000.00
79056548302476600000.00
28223962586529800000.00
333786772156936000000.00
165272947601917000000.00
303557849385014000000.00
309360398609513000000.00
50625367964312700000.00
90624753034487600000.00
373520184849312000000.00
134114958214153000000.00
233469752374246000000.00
300564345399179000000.00
365115282462767000000.00
302786621854917000000.00
210600095742909000000.00
148781131448024000000.00
324556900799330000000.00
22208604726996600000.00
200507819533591000000.00
99834315413379500000.00
304227130520724000000.00
356539162650639000000.00
56439018013073400000.00
304293282718980000000.00
123214851521354000000.00
269035488896098000000.00
179022034362538000000.00
182859438457769000000.00
14641719190650400000.00
126034493498771000000.00
303896295065312000000.00
314495563920525000000.00
309884301170266000000.00
364826571191580000000.00
110193975302850000000.00
357304268267431000000.00
266412894030049000000.00
297272982778296000000.00
339494706477222000000.00
30891024036326900000.00
239494458182640000000.00
21956008368324200000.00
258775207996062000000.00
104100242027483000000.00
93452791011417800000.00
310133874197151000000.00
56293547388799400000.00
337449835533995000000.00
221132281978078000000.00
253936116317433000000.00
193528698784519000000.00
80023242304182800000.00
191889419865916000000.00
319775159967041000000.00
268121567306212000000.00
261988622414803000000.00
96916081435987500000.00
265377806011667000000.00
223672913079626000000.00
4069855532417700000.00
221624613407736000000.00
311988387190945000000.00
96060690039426000000.00
19875526563225400000.00
111192333693708000000.00
359852562780900000000.00
94683501861589900000.00
334533439266419000000.00
289820452936597000000.00
51614024233673300000.00
42286238227081700000.00
16280340983014400000.00
186445752965330000000.00
215879285766290000000.00
303952266300519000000.00
361385221688651000000.00
189685914288056000000.00
124527195262681000000.00
1922408735366750000.00
316776420731742000000.00
85126308789855700000.00
304417070142879000000.00
192132603375003000000.00
173306878294830000000.00
176745684440409000000.00
218830538733929000000.00
58031276981294700000.00
233600342131119000000.00
248304879509516000000.00
16052182976725800000.00
182931269865361000000.00
268020188018934000000.00
105916897265426000000.00
312154232026853000000.00
133978956619069000000.00
369355427799280000000.00
191004349064850000000.00
243535116359955000000.00
303519896660250000000.00
170615735366090000000.00
206928495330792000000.00
236359336885126000000.00
221279987448403000000.00
264415823912436000000.00
162187993273728000000.00
78151125314568900000.00
270217649135393000000.00
362811492314902000000.00
303865601786553000000.00
135606850499405000000.00
188095631361540000000.00
306681879012990000000.00
318506403091718000000.00
367009543791605000000.00
371724675615055000000.00
349978731301322000000.00
194344134498619000000.00
370592473160689000000.00
192351437616959000000.00
173471110204895000000.00
240758641910290000000.00
297390097235252000000.00
267107852331260000000.00
285480726683757000000.00
66423304785529700000.00
41615811834744700000.00
317783311284545000000.00
364857023036869000000.00
39445563082344900000.00
357758958144888000000.00
205921090245340000000.00
167940390755821000000.00
312761719282943000000.00
305896842089136000000.00
300822926599374000000.00
335739722759878000000.00
165501388395459000000.00
76363148615674000000.00
172964449065636000000.00
182298916863407000000.00
230344637622387000000.00
303379047841736000000.00
33146830118589200000.00
189980314056689000000.00
97655813680668100000.00
319469521801010000000.00
87471474421227600000.00
211124700589382000000.00
433467946689844000.00
194381613577952000000.00
64015806319432500000.00
308981650460619000000.00
203111946834944000000.00
136415865057977000000.00
166966953499706000000.00
337506378408338000000.00
199401874894023000000.00
110837142168357000000.00
160524575170864000000.00
6325645039150440000.00
82851144454113100000.00
209164606748657000000.00
140639466016485000000.00
318895828344980000000.00
327015609957756000000.00
181046578622960000000.00
204847810670849000000.00
212348892902763000000.00
274916278689784000000.00
359798511405470000000.00
189659750723478000000.00
235895712656274000000.00
140484654456808000000.00
218297268849083000000.00
12315964960994400000.00
186249168215272000000.00
110642359799601000000.00
261822250649273000000.00
67613921861690600000.00
128500554814002000000.00
186254139239398000000.00
167515101809831000000.00
237522532468161000000.00
148642432241897000000.00
141224054374585000000.00
32699896482507300000.00
145479650453517000000.00
1927183023710460000.00
332896554159126000000.00
327460314256322000000.00
96561640672749000000.00
95589331011293300000.00
181529452572102000000.00
187395548382869000000.00
260039128607383000000.00
44737695014674400000.00
258307873130925000000.00
190691171302048000000.00
51939697159745600000.00
21728956517040100000.00
272938947157315000000.00
318743489786422000000.00
1667815614693770000.00
123190512234160000000.00
152707137612828000000.00
186977187994390000000.00
123788782523802000000.00
6973497016123080000.00
324329805662061000000.00
159126769034744000000.00
336894370974289000000.00
151992279485197000000.00
87253688812189900000.00
192927859343140000000.00
150376036628150000000.00
342690891833501000000.00
356322834848966000000.00
337178596856954000000.00
373784505795359000000.00
212420584412816000000.00
196434709459635000000.00
53290771870032200000.00
102168491138817000000.00
292603093357327000000.00
38526046684484800000.00
157274181919663000000.00
153966692447469000000.00
261551743867863000000.00
257796967129188000000.00
47910656369104800000.00
292116980001139000000.00
344737586296756000000.00
344865514452291000000.00
337194424804681000000.00
31903024559433400000.00
224188555156495000000.00
133384886426658000000.00
233031947443608000000.00
147779766216078000000.00
248042047130989000000.00
186852103708568000000.00
260345459609265000000.00
201030459359669000000.00
86917707444169100000.00
83788615550463000000.00
232041880640927000000.00
179850412948971000000.00
226232079782446000000.00
154023576381854000000.00
259608073376981000000.00
74565066266503800000.00
291446353758142000000.00
154365543409201000000.00
33727896877796300000.00
272457366129220000000.00
37368271148980700000.00
265707762709352000000.00
347904512003886000000.00
284033453348589000000.00
160925784769180000000.00
126166777691431000000.00
292838178046057000000.00
343477427493383000000.00
198246500927942000000.00
90104298389044100000.00
230948560281504000000.00
218287207854482000000.00
271620346146606000000.00
256031709059306000000.00
256549728128166000000.00
228437621227832000000.00
42389397702399800000.00
113970620516157000000.00
129564491403364000000.00
190206490112616000000.00
34438788997151600000.00
264797304426810000000.00
58700516796139900000.00
5686089237815880000.00
323467706654410000000.00
244952890261647000000.00
322793988219305000000.00
285149964702420000000.00
197458976308654000000.00
225756193131485000000.00
102451002044050000000.00
256675286138742000000.00
136059260857898000000.00
102802133392284000000.00
199564100116372000000.00
108200936669793000000.00
200548518054293000000.00
320546135369805000000.00
140169500062436000000.00
220633600078465000000.00
148091012993479000000.00
140065190172297000000.00
67093910194964700000.00
339044411224405000000.00
58028174193180400000.00
284915614168348000000.00
107235596671500000000.00
304371075373625000000.00
45601636349532300000.00
326020708306488000000.00
343213019888482000000.00
200997211388860000000.00
307931408217554000000.00
227709964231338000000.00
85436602223000600000.00
331346064982880000000.00
369754418080155000000.00
162417737486664000000.00
90185920348940300000.00
318918660492090000000.00
354629036777960000000.00
50635029353438000000.00
303552867740738000000.00
108431063765364000000.00
294508372385765000000.00
88947750517655800000.00
107113622792110000000.00
111221056904814000000.00
38696193144821500000.00
274871173947577000000.00
112664607669127000000.00
194623003804888000000.00
154804084847494000000.00
343344413630778000000.00
206210520199564000000.00
216654587510562000000.00
135407035108005000000.00
22350503939565700000.00
99433411744595200000.00
268740280585253000000.00
43903354168594200000.00
48789104412085700000.00
198049498955659000000.00
138679605952415000000.00
108395339499406000000.00
358243776163026000000.00
122923231394314000000.00
369861655623916000000.00
49184485283914100000.00
296681000268929000000.00
301198189958870000000.00
292647254331382000000.00
66685697581879600000.00
243291467795433000000.00
54781551852252800000.00
19755092294876700000.00
257914721035032000000.00
242214109669629000000.00
33407802203268600000.00
58695439982370300000.00
340765708929371000000.00
27359542715139900000.00
203657669904561000000.00
290746703857775000000.00
195429124858873000000.00
117576020524800000000.00
261394622165677000000.00
81995198045977500000.00
96944569925626700000.00
299042719900395000000.00
299008913519942000000.00
229915079285571000000.00
133669562625140000000.00
232769191693978000000.00
236997015782601000000.00
32877910104005800000.00
301500002555015000000.00
23496286216376200000.00
258028726814183000000.00
257845490916223000000.00
71057102981968400000.00
332973203847384000000.00
345095037938602000000.00
133392568014037000000.00
313314074946743000000.00
149621548966277000000.00
326873922200725000000.00
362297146823722000000.00
250603162121502000000.00
247945049697710000000.00
126035866437381000000.00
263532301277232000000.00
129927559673251000000.00
55384994848841700000.00
91805774373840700000.00
344002047092478000000.00
89475851278778200000.00
40778048148338300000.00
3246584911005380000.00
241863373024254000000.00
96582538300045600000.00
216628836712283000000.00
418459407226568000.00
289940822017316000000.00
300767620122124000000.00
112703550580250000000.00
7021889155536120000.00
219066369556251000000.00
114238659812483000000.00
350321642639900000000.00
25616136272043600000.00
262660334794055000000.00
269913495230998000000.00
307885905270594000000.00
330210138216372000000.00
294461328725573000000.00
268639915791025000000.00
152460199026043000000.00
100316755635386000000.00
369901753448158000000.00
240210738123549000000.00
80099771491089400000.00
286535792456069000000.00
328105421832845000000.00
11288710373908900000.00
118382191383582000000.00
18536873380276600000.00
121806261334604000000.00
296258481526154000000.00
27542066879844600000.00
127446066845024000000.00
257396937751252000000.00
88228078670951400000.00
110278128357854000000.00
68472425311608100000.00
275404543662058000000.00
244425638827376000000.00
234556668325208000000.00
163050701289878000000.00
310135495784800000000.00
17027631824217800000.00
289631979646511000000.00
214446610301935000000.00
235114530796152000000.00
210396309048757000000.00
234929511868469000000.00
2645784312103360000.00
349194177496918000000.00
356846078355813000000.00
355216464313461000000.00
31644219474560300000.00
194450873550757000000.00
222781558817672000000.00
200273659758967000000.00
128284483387123000000.00
117260316442265000000.00
54255701238778300000.00
219634334942092000000.00
176558650969096000000.00
366458861536010000000.00
39040211526849900000.00
236813371204289000000.00
314472130610051000000.00
168949343101300000000.00
369059917228188000000.00
348637428677972000000.00
15600448720117800000.00
344503339575797000000.00
148473030073835000000.00
234122608222240000000.00
78680848861397500000.00
324900623142386000000.00
179584573849485000000.00
93530252296009000000.00
333174045273654000000.00
273713220080969000000.00
301019176176245000000.00
282278449978617000000.00
7095965798552110000.00
21520117830287900000.00
298195071625326000000.00
105293433063322000000.00
242490467020994000000.00
328594336595972000000.00
135101114568988000000.00
63557420777503500000.00
104993210650182000000.00
225175340796679000000.00
189170481815535000000.00
265429968164795000000.00
179218932309042000000.00
248426051599059000000.00
183770664031308000000.00
274725758205253000000.00
241643098504156000000.00
227809048552262000000.00
161199243013247000000.00
23688191546301200000.00
298672749122330000000.00
313361480145289000000.00
205304177029978000000.00
284184612769168000000.00
332976121936815000000.00
262457400321207000000.00
228705810527406000000.00
117650120464219000000.00
230442502124936000000.00
118459457468706000000.00
150604269846386000000.00
289956857598447000000.00
350852096204520000000.00
45790509295214500000.00
178350438480273000000.00
188805773754366000000.00
346016029145035000000.00
356198181946331000000.00
109935474652762000000.00
298975589234252000000.00
37649115417889400000.00
98624227126654600000.00
119595798075468000000.00
122924116220831000000.00
235493602847183000000.00
145635906360145000000.00
359433900196409000000.00
157956060337247000000.00
152855771540759000000.00
171451092110124000000.00
11072430623450000000.00
240505971680267000000.00
368157736100580000000.00
85747457932622700000.00
207507872590081000000.00
209889415164149000000.00
108912164923357000000.00
82049717299643500000.00
197812459586278000000.00
278908872670581000000.00
165305044666667000000.00
156277795102719000000.00
140723253727748000000.00
41630380766219200000.00
252830534758320000000.00
47388673937000900000.00
25117310116569600000.00
43738999512741700000.00
243885615024582000000.00
128337967399421000000.00
26449053851353300000.00
359525386615449000000.00
324253075505853000000.00
193104350734126000000.00
315969437082554000000.00
357573890226452000000.00
202878241254503000000.00
137421917200193000000.00
142596679075726000000.00
358537475297720000000.00
277777980008910000000.00
199774113345153000000.00
16370676786733200000.00
160255625805647000000.00
306401365410534000000.00
124952005379499000000.00
365520071400175000000.00
187386358355499000000.00
374409722095182000000.00
92935773551204500000.00
194705835687415000000.00
319391852642896000000.00
254357266032906000000.00
120829568089487000000.00
57427949258774400000.00
329444616795708000000.00
182385819382509000000.00
158298782291670000000.00
221123544364900000000.00
131089185501309000000.00
190492168745259000000.00
149752776304499000000.00
68430511776135900000.00
221402708722110000000.00
97869126530047600000.00
244689225995848000000.00
53105665855531100000.00
269516286687565000000.00
117736818859291000000.00
277042735874177000000.00
371990703930784000000.00
153596966316478000000.00
258341960826878000000.00
27368289542656100000.00
354084901810228000000.00
188981468340612000000.00
137642108792683000000.00
113516104320255000000.00
72704362494467900000.00
236713916728091000000.00
126218991755766000000.00
19026090438990800000.00
131866330387383000000.00
34947775947091700000.00
28555461667457600000.00
272727543719406000000.00
343044953663665000000.00
155281504596986000000.00
370762351707102000000.00
33848466191586500000.00
276716790596797000000.00
125408520397412000000.00
3815235032424660000.00
147109588079252000000.00
326926459455978000000.00
146713439307147000000.00
291099425607664000000.00
351477804264102000000.00
4520349771573340000.00
177753484212360000000.00
284036556338705000000.00
292691562845299000000.00
3395230620296040000.00
43720383331147800000.00
147949643821340000000.00
75822859108553900000.00
60920387941730300000.00
152691985521681000000.00
153334036217475000000.00
90591606862849800000.00
127512097738691000000.00
64012438657779700000.00
253241227098890000000.00
352259671049243000000.00
123854030016852000000.00
374846462174395000000.00
232057368429388000000.00
35352910622974300000.00
200157034453146000000.00
73624872450628700000.00
119083644746828000000.00
318393589501656000000.00
308229944934940000000.00
68625476469473000000.00
180451145576339000000.00
337089300484730000000.00
284023749579021000000.00
129843866534132000000.00
157622654575068000000.00
43267862432589800000.00
253675525502646000000.00
217445367995958000000.00
213468092313374000000.00
156470199011812000000.00
340115610095856000000.00
324046695668851000000.00
10516143565153800000.00
212878047566413000000.00
112004779020686000000.00
291988187686693000000.00
35088019964115600000.00
130064830385041000000.00
294536425401020000000.00
83956502875250900000.00
160148785784726000000.00
258526923768058000000.00
369057888772152000000.00
146308446757124000000.00
78847817652780800000.00
97884976957040200000.00
302549289393698000000.00
353795908421987000000.00
166911873239544000000.00
269349401632062000000.00
185949493458158000000.00
130905208630299000000.00
96016423246859100000.00
54687030948150300000.00
373852380040664000000.00
1564642285568480000.00
300391900760584000000.00
151245005331301000000.00
38071236641907000000.00
38989116686379300000.00
337710199952226000000.00
53726929376174200000.00
342154337299267000000.00
265107189617773000000.00
233082622116892000000.00
371627946449435000000.00
273530263052573000000.00
226130722663793000000.00
344656279484065000000.00
197287236061135000000.00
270895002197629000000.00
67342574087449700000.00
159661837921602000000.00
55139009951501500000.00
236815628847559000000.00
343451145568311000000.00
14492183465422600000.00
237636407491093000000.00
229339764380621000000.00
238793346507101000000.00
298348343991337000000.00
149914327647851000000.00
213726679305530000000.00
372362133493850000000.00
228098511552552000000.00
207282815371604000000.00
8891459872739110000.00
38106728336902600000.00
222295160781349000000.00
47061811842114000000.00
328238967772788000000.00
264164762513486000000.00
201998267774295000000.00
320002413652278000000.00
138080372672940000000.00
132642079385811000000.00
182615771297172000000.00
41905599297631000000.00
119801154080502000000.00
1572255904281760000.00
28539700981044900000.00
256028760861894000000.00
198041460836874000000.00
71231429867218700000.00
268905311793734000000.00
331800105753060000000.00
323320871054539000000.00
37218217096065000000.00
155735556933308000000.00
100626263798434000000.00
215661912659162000000.00
31686414949064700000.00
2360961309086600000.00
274315378824138000000.00
373370445830963000000.00
204628328231862000000.00
138738565041943000000.00
344999781079049000000.00
183897906479902000000.00
150680164682334000000.00
104076051181666000000.00
219604376267589000000.00
188328883991580000000.00
38617308828570100000.00
70615265385784000000.00
167137341446194000000.00
206069191192803000000.00
119296055855235000000.00
157022394720129000000.00
160086107613556000000.00
147912064886402000000.00
30861971993833400000.00
73194806863969400000.00
32927603767640000000.00
135157352262040000000.00
279558873663192000000.00
99225751220613300000.00
111562885898657000000.00
112872919616737000000.00
354514619366537000000.00
369662085260084000000.00
5200303545937940000.00
325503680516154000000.00
332611021642655000000.00
136655303878859000000.00
341709357825070000000.00
135155412523710000000.00
21382058670232200000.00
132767554323934000000.00
217009741353134000000.00
154482698352862000000.00
204806856426885000000.00
241312636124498000000.00
135737700317592000000.00
120821381779425000000.00
84638632385216600000.00
217753751349286000000.00
72352677050929600000.00
233544011277202000000.00
202404820831048000000.00
110956593606728000000.00
275090416314469000000.00
337457343120687000000.00
280868478446795000000.00
235251389345632000000.00
133433548865883000000.00
210113464736338000000.00
374715251417433000000.00
69408145654213500000.00
305649377076672000000.00
346538956040859000000.00
127923088054593000.00
358295089376410000000.00
97506511481438000000.00
113463641836399000000.00
280023785643179000000.00
178874172122420000000.00
140765047659293000000.00
106907975228164000000.00
179744038714765000000.00
263401727908913000000.00
296780576037924000000.00
184688565598166000000.00
86192048278907900000.00
234538336246653000000.00
214153809528898000000.00
27313492475397600000.00
157294456105389000000.00
129307158934696000000.00
328207801772569000000.00
311623849587748000000.00
300218614124008000000.00
111605670815992000000.00
360877466538865000000.00
119220082119809000000.00
277574495827164000000.00
317229956467625000000.00
269059792356405000000.00
185643816170855000000.00
106368403257580000000.00
264699609194126000000.00
317215571344874000000.00
292780723242337000000.00
259535204972633000000.00
219230526027336000000.00
335617958840419000000.00
193563912500893000000.00
228724111729965000000.00
339214684312234000000.00
148160613702430000000.00
359796052977269000000.00
32154244214532400000.00
186007084159944000000.00
163908968968250000000.00
245206262835319000000.00
283216274838732000000.00
332338592013108000000.00
360995744450927000000.00
39242497267543000000.00
80699276782534700000.00
195055704600058000000.00
193181373409049000000.00
161932141582180000000.00
277871494395607000000.00
257618142347095000000.00
321615554446374000000.00
47047674352880100000.00
194102132057456000000.00
234620916461341000000.00
123524928999048000000.00
11626740279596800000.00
321980616620240000000.00
230482089748339000000.00
321203481446977000000.00
197511660775071000000.00
298263095837725000000.00
330554069158764000000.00
257946728921100000000.00
63802632553100700000.00
13755231614680200000.00
119680569735578000000.00
322064693583543000000.00
351257480629505000000.00
299354900583460000000.00
273204572760753000000.00
199982140409581000000.00
154072516599056000000.00
240611030204181000000.00
195923278742095000000.00
14464002453975500000.00
326302286047345000000.00
173986968303420000000.00
53013371708903700000.00
158997750113319000000.00
200806162657565000000.00
27121877050535200000.00
106168312191501000000.00
326387882018206000000.00
157346595103716000000.00
8199143930485240000.00
145358480249538000000.00
163698202446692000000.00
97644071451839100000.00
241616071065847000000.00
160636241178952000000.00
238964388673936000000.00
198560517077454000000.00
47520413325913700000.00
224057072797427000000.00
336466447340140000000.00
138578379365014000000.00
82944821030383000000.00
224512604204746000000.00
159861689077677000000.00
106240852149975000000.00
335176570294965000000.00
67301625852847300000.00
83830021033699600000.00
35682691057314400000.00
42481210323163600000.00
239679797227744000000.00
123798456903866000000.00
221292725349184000000.00
169152508153475000000.00
232893702806283000000.00
246764963582288000000.00
51581802493781700000.00
345332052837417000000.00
5710841352584120000.00
86190096651127700000.00
55635185289289700000.00
300475540619949000000.00
34873061382642200000.00
286701433670346000000.00
40008752069898000000.00
33443308829496900000.00
299163442046211000000.00
114978955349144000000.00
26086004577764500000.00
236373288509019000000.00
222427404603587000000.00
70974626377064500000.00
121465973089855000000.00
70147110835728200000.00
299562816517269000000.00
294449240129893000000.00
43742574994350700000.00
98640229436598400000.00
100877837954720000000.00
182544149852646000000.00
264501518948333000000.00
309770486936348000000.00
272849018463786000000.00
146744881321999000000.00
153994329175317000000.00
230937441209537000000.00
49446382530921300000.00
310992769152151000000.00
304478532520989000000.00
143606179814580000000.00
73642468138715000000.00
256939377988986000000.00
265532065403097000000.00
66338807540357300000.00
299941307631386000000.00
26647067018913200000.00
93933624656265800000.00
321724745771487000000.00
355907112128131000000.00
374402421216585000000.00
81454241097832100000.00
352343286878823000000.00
301940060745675000000.00
210586510508213000000.00
166213334619464000000.00
83999587484978900000.00
311340968885557000000.00
20810301942720100000.00
316741734202635000000.00
339313514854606000000.00
252866616864448000000.00
349858469094437000000.00
330697323441267000000.00
244404373956869000000.00
360833332768141000000.00
333367109652742000000.00
156297758831290000000.00
3408694261616070000.00
48395094066025000000.00
114170989516605000000.00
38017089541095500000.00
347531964034035000000.00
188943748122520000000.00
48256727850709300000.00
56207551904338100000.00
243533462693764000000.00
260812259738974000000.00
73114473232413200000.00
73294152042729900000.00
95637045458045000000.00
9701228889130010000.00
271995693608996000000.00
173031509010863000000.00
81674011390061900000.00
246075010389635000000.00
152143629768450000000.00
227877187686268000000.00
9287778783673200000.00
48142227463218000000.00
265488637587985000000.00
139072178293651000000.00
366061264659702000000.00
373890719387952000000.00
248333038023191000000.00
153516981694161000000.00
141365917112525000000.00
159990357949766000000.00
285747189580069000000.00
157246222901100000000.00
224017603458263000000.00
142519790575797000000.00
100862172475285000000.00
127858363400660000000.00
327942639087827000000.00
232638095671644000000.00
17645517689662300000.00
75964295137709600000.00
12467909993181100000.00
126075682780770000000.00
73108574807530800000.00
296222418245391000000.00
257224938659057000000.00
265410159474954000000.00
139153035820160000000.00
217733780004946000000.00
35712123735106000000.00
264477798345715000000.00
348522373998884000000.00
41221261820881000000.00
60313361843731200000.00
199646482681415000000.00
125839660730233000000.00
6014261471797430000.00
308376884721466000000.00
315368967799977000000.00
126682120890501000000.00
321650416417874000000.00
109415373344023000000.00
29092804897846600000.00
126199083125059000000.00
6615229351540010000.00
111257330055037000000.00
189911556386722000000.00
200459795564470000000.00
74939850085621800000.00
306907515461305000000.00
37660171679763800000.00
73576361931382300000.00
284008836829853000000.00
115312178178831000000.00
240444992898119000000.00
212888339904856000000.00
346486362595030000000.00
359283163199134000000.00
3815370180144630000.00
198010135800879000000.00
16834631845916700000.00
1770169785416370000.00
229733739394703000000.00
32923794743123300000.00
326932663414784000000.00
75735925346196000000.00
365882496297374000000.00
63617806434694300000.00
100104306205679000000.00
306880247202236000000.00
191669834100572000000.00
85892954549931700000.00
129038835434343000000.00
146252919537803000000.00
110271202362447000000.00
8206062996021670000.00
52271681658885100000.00
249609639556202000000.00
59952911167119200000.00
225363779346732000000.00
302987033484989000000.00
240129095393543000000.00
112181767287135000000.00
109490360574863000000.00
130968182675002000000.00
111512728952345000000.00
301184522329515000000.00
71584430905593200000.00
12646528419200400000.00
166291907463651000000.00
212426856442837000000.00
255880252200807000000.00
245865691830689000000.00
23705736676763200000.00
15985835046433100000.00
306891664930737000000.00
274657124574004000000.00
12704688658226300000.00
106386861550349000000.00
291849516198860000000.00
199888998057649000000.00
173474739810592000000.00
278426686156707000000.00
305647286802557000000.00
329442525360232000000.00
299258821665225000000.00
127393932031243000000.00
51983713692885000000.00
198599144793842000000.00
333396248115762000000.00
108168146501082000000.00
35273719175626800000.00
16212672394744200000.00
187958298837962000000.00
293822811476559000000.00
310867411790771000000.00
143625263891032000000.00
212148068253141000000.00
369666377378149000000.00
261272212002484000000.00
291898949733165000000.00
258789750983474000000.00
268139104174848000000.00
209535588506527000000.00
318246969488722000000.00
67811768398760900000.00
365727917639085000000.00
52106342101761200000.00
198670123193280000000.00
310607282061635000000.00
198126252219552000000.00
84062752487659400000.00
151339205557622000000.00
363190701333365000000.00
365872832394489000000.00
360824413266479000000.00
66766008962558600000.00
188088057091876000000.00
278764456558069000000.00
347694333602026000000.00
368308780401201000000.00
219417962064329000000.00
219937950630378000000.00
70242122249655800000.00
87288236804702000000.00
361021308088652000000.00
358069741228301000000.00
342722512705569000000.00
163205601057866000000.00
69712265152471900000.00
224058642176132000000.00
206432343005452000000.00
136666534996855000000.00
178664417237391000000.00
24723342857453200000.00
174158607035914000000.00
7238193474305770000.00
349895064044320000000.00
272077624592372000000.00
614093326870374000.00
232452267947462000000.00
268621856929403000000.00
257291365535231000000.00
356637360749722000000.00
228537443311942000000.00
183376366457619000000.00
12492592038830500000.00
358691808644729000000.00
348497553791302000000.00
183141085196226000000.00
87797860229015300000.00
207580295017570000000.00
367425378698397000000.00
340376042361889000000.00
284958472955595000000.00
26762326226449100000.00
21616307365410600000.00
370315123843257000000.00
50939062671826500000.00
343827870390648000000.00
278307146936550000000.00
220901097491556000000.00
235662143614530000000.00
188780772509975000000.00
276671148048959000000.00
303864910173327000000.00
312333381271873000000.00
306685147167661000000.00
324292295768003000000.00
366462960701763000000.00
181304336425445000000.00
205255274382647000000.00
328728026586438000000.00
315070373328397000000.00
4834450797808100000.00
343135306552428000000.00
13860447777267500000.00
297483856312205000000.00
140216612205448000000.00
138617192044334000000.00
371004758936947000000.00
301218007668819000000.00
282338434036686000000.00
50133041948045900000.00
94692264494733900000.00
324903972826102000000.00
142005272805972000000.00
278980595969928000000.00
248914465857509000000.00
270638848800139000000.00
251431484891510000000.00
290775686378324000000.00
326805949400434000000.00
71466699476829100000.00
18059372725392700000.00
290777430467048000000.00
13217527697871300000.00
74035175025714600000.00
38413736126909000000.00
307633292724976000000.00
228048216362465000000.00
141809542251620000000.00
51194670885370800000.00
135007787729385000000.00
351394017888769000000.00
63380876796450700000.00
374664493233630000000.00
126750910045813000000.00
142001558560084000000.00
333876329433436000000.00
181462453252780000000.00
289587157756648000000.00
93888343124238500000.00
311000539472864000000.00
297660000083860000000.00
370071764096710000000.00
322632560755305000000.00
263738159377671000000.00
323302700153447000000.00
203332639328585000000.00
20361052054588100000.00
320049917554364000000.00
206160208507110000000.00
359270283241490000000.00
286898105894641000000.00
244215222481178000000.00
274911554706563000000.00
351046641289146000000.00
295321648951175000000.00
2021854908483430000.00
171979903417438000000.00
31663078909614100000.00
130032345069521000000.00
324804526920125000000.00
240806033555154000000.00
126953647263038000000.00
20082841595332600000.00
364142332964340000000.00
122896136060771000000.00
147480269650825000000.00
219934035221381000000.00
75273505748958000000.00
64877852379103700000.00
91432228249475800000.00
128482545512400000000.00
139473162214379000000.00
243888781170200000000.00
372605751148198000000.00
314146862373946000000.00
83637121378699800000.00
31786805548082200000.00
318019484222323000000.00
306186573880224000000.00
122553944399145000000.00
323543468124107000000.00
205770897307358000000.00
81130647784827800000.00
215553286491956000000.00
30304398369527300000.00
111687476763316000000.00
332301313836196000000.00
190781887114903000000.00
142289420037704000000.00
162012563472143000000.00
60107320903852900000.00
327058453227371000000.00
180453865060699000000.00
110729163228901000000.00
54805516813649800000.00
198261429219681000000.00
194042903713470000000.00
18002078675212300000.00
196044080861360000000.00
186998178446705000000.00
41286358633943600000.00
138146631193260000000.00
73430063078336900000.00
101971854892555000000.00
302495256638458000000.00
38571890388730900000.00
119825536359422000000.00
203571594234149000000.00
267471120938538000000.00
168595754051323000000.00
16031335930320300000.00
11991937226764500000.00
95021176043472000000.00
332057383495761000000.00
182331448351403000000.00
23684647396206600000.00
5613568320293070000.00
368246645934177000000.00
365069745935810000000.00
321062232803858000000.00
333843283411202000000.00
198844835798273000000.00
144104605898159000000.00
252174662736119000000.00
268567703223042000000.00
131513073357263000000.00
12020766553630400000.00
327491911061709000000.00
143314599250017000000.00
18975662097188300000.00
272874146237061000000.00
141855192022522000000.00
222036359214530000000.00
180810003486013000000.00
199031024775372000000.00
158069743165810000000.00
302728614668452000000.00
157969121853681000000.00
144376093508743000000.00
10394602962870700000.00
137784262210955000000.00
64480652655836900000.00
168443083157089000000.00
53973558664108800000.00
105555633936823000000.00
96168066215590100000.00
220837619856071000000.00
210252548177899000000.00
97275040166187900000.00
168286426623192000000.00
171096028025763000000.00
191773340958990000000.00
12162647515391900000.00
323242325941284000000.00
230554954180353000000.00
10474096074072500000.00
149455172255278000000.00
329605929910561000000.00
63716230631036900000.00
348669660788517000000.00
87761281252067000000.00
286085102975993000000.00
43246171957282400000.00
15279107293709000000.00
97336999446594800000.00
301526494223412000000.00
233587703418297000000.00
275367560137579000000.00
354362076691875000000.00
241507620691418000000.00
50282297551665500000.00
65275422970436800000.00
67810962768838800000.00
37318409047329600000.00
86060965392656900000.00
12951962402345200000.00
161864328745988000000.00
177098211750077000000.00
221583133506128000000.00
80993980144792000000.00
125439002646198000000.00
91235603615959900000.00
17663336968667000000.00
126532590190650000000.00
356449061206824000000.00
321608674597593000000.00
14093167582943800000.00
153805666902041000000.00
43441746855379200000.00
188188346632945000000.00
96037275445280600000.00
105035145443861000000.00
23668505775292900000.00
121333552298605000000.00
130381949140864000000.00
107456585794698000000.00
103555077930165000000.00
91854446614380500000.00
174033833845508000000.00
201983684437812000000.00
268080939038640000000.00
69543025533308100000.00
150228208933926000000.00
161964825786784000000.00
51603066053912700000.00
262387924015720000000.00
355151171009377000000.00
297872238176160000000.00
72426562831369900000.00
78089625124552900000.00
337558672520435000000.00
34194395311617000000.00
45614332982664400000.00
189747010525948000000.00
4274945773696830000.00
117026041330896000000.00
268343204226208000000.00
282973714298804000000.00
18417783482741600000.00
21048756313824600000.00
167844739126168000000.00
152574199671724000000.00
361815161061584000000.00
373631830965282000000.00
88526112191197000000.00
106887514510130000000.00
236258100240654000000.00
267752879152622000000.00
331114729106916000000.00
166651335837845000000.00
94100056750978700000.00
70535707060825600000.00
243586755542523000000.00
57018394838855900000.00
290457659315298000000.00
55049473675891500000.00
8941586831228160000.00
198313028805140000000.00
311445623463177000000.00
361803754216005000000.00
120008262609553000000.00
292295625556842000000.00
129961761059259000000.00
175605327393554000000.00
108948734016647000000.00
158773248410846000000.00
280113718781437000000.00
224956096894073000000.00
283521715511680000000.00
114820201857698000000.00
112877893112985000000.00
155979754919640000000.00
349198826392194000000.00
16841129340916500000.00
107339511673601000000.00
31639946179969200000.00
95783600277667800000.00
346339800505044000000.00
87673507138454400000.00
342686426539692000000.00
235463064266513000000.00
371937300212766000000.00
218571535777914000000.00
293212975352931000000.00
19739379165700700000.00
148191635341744000000.00
295563478746239000000.00
362463157947228000000.00
48880734241667900000.00
94651790427696700000.00
213740318660940000000.00
352170590957958000000.00
274041678976849000000.00
308008519299585000000.00
188057801093124000000.00
149756677926360000000.00
132813028235331000000.00
12724469451669400000.00
304354203378137000000.00
298063862212791000000.00
368874213593183000000.00
361445120798023000000.00
702829570628061000.00
338038254783296000000.00
35268143419646200000.00
194754503588247000000.00
10996936943877600000.00
326213003420487000000.00
132208147973083000000.00
313647019941867000000.00
136854382145739000000.00
20027425598040500000.00
373298509871998000000.00
363065048420699000000.00
217293847854905000000.00
77016807455893400000.00
204622690183167000000.00
16335444553997300000.00
354943590345233000000.00
317832194680380000000.00
105060503799923000000.00
172724166219016000000.00
212331430028620000000.00
294238370103099000000.00
80012266549931800000.00
281348586141407000000.00
141588078990126000000.00
15778248738235000000.00
165744944568290000000.00
318857977751964000000.00
169574121571405000000.00
189968001769580000000.00
44823436268215100000.00
346013950287726000000.00
79328593682154900000.00
155331269063617000000.00
209098915470310000000.00
125135651873826000000.00
208171804299425000000.00
329442619831969000000.00
214274192749972000000.00
205234099749000000000.00
152719495792345000000.00
136178961709253000000.00
231903980387975000000.00
134983884639863000000.00
301610477038376000000.00
34930655425692700000.00
207330848988212000000.00
241096616074082000000.00
338475910923235000000.00
254741965162254000000.00
233757442435476000000.00
158287193848520000000.00
26477523143408500000.00
24057888891449900000.00
20509109347565900000.00
124408070836568000000.00
73038873174925400000.00
138998047071182000000.00
321336291464761000000.00
102672121266030000000.00
348704090168684000000.00
352755839291315000000.00
322281328685706000000.00
158218361420437000000.00
119476189553189000000.00
236448241445828000000.00
181341181535553000000.00
125795721511401000000.00
60877753434438800000.00
246457305565272000000.00
8293643763516230000.00
254212038210203000000.00
372178486643806000000.00
175750804396263000000.00
373769758300393000000.00
345629492897604000000.00
183299533102494000000.00
228746469574721000000.00
339225787196667000000.00
63209422771341600000.00
49230475022371300000.00
299653492907064000000.00
126568967077627000000.00
355571812224761000000.00
279062302125571000000.00
348840940591560000000.00
319328366124067000000.00
218271229146264000000.00
28850944474948500000.00
129588718847393000000.00
269016746114807000000.00
188582649293139000000.00
149310025770939000000.00
19321890537691700000.00
100936400069857000000.00
361042116050288000000.00
3514314652159400000.00
181357541517463000000.00
37262247971569000000.00
10644858617777900000.00
278595046652864000000.00
211862265046530000000.00
129023952111236000000.00
151363484934049000000.00
254728547036849000000.00
341640863326902000000.00
263141650045712000000.00
316564962982946000000.00
91634650337604100000.00
346993405766496000000.00
90552498785104600000.00
148750397031960000000.00
11647383602491500000.00
269416336886348000000.00
4540558774980550000.00
119317847443836000000.00
207557055520712000000.00
64665984859486200000.00
163978026542676000000.00
95177029733847200000.00
38625263498112200000.00
186278581353388000000.00
136750953132689000000.00
315878884194169000000.00
314874121872958000000.00
353491626220350000000.00
77641047904967900000.00
131007338762491000000.00
334688634290211000000.00
330054409231574000000.00
263415415316951000000.00
71151907009619500000.00
271351961302044000000.00
157007735675115000000.00
167094508687659000000.00
280717070478049000000.00
305452673237206000000.00
109988009027141000000.00
342278236989115000000.00
48475731631376100000.00
81085022354417100000.00
374346885147767000000.00
227369599158262000000.00
277184473560132000000.00
186856057266643000000.00
207130608368334000000.00
47956905429033700000.00
117112791179158000000.00
251608209995805000000.00
146342517380881000000.00
154794364398102000000.00
89184281830380300000.00
83688622870134500000.00
290838580336897000000.00
236830314500204000000.00
258631681913996000000.00
344901402077462000000.00
332129874537539000000.00
142569866418979000000.00
147407045706925000000.00
27278783179754700000.00
283050928368203000000.00
92432726052769100000.00
299630109898713000000.00
282028094915758000000.00
231992299814437000000.00
204762001109746000000.00
118149763542641000000.00
296139480133167000000.00
68638492269670400000.00
198818552501470000000.00
159310907465040000000.00
361165433703587000000.00
253397238866193000000.00
19761190053839600000.00
224799137829590000000.00
270957197107589000000.00
203119641180582000000.00
77542942053858600000.00
46238209071313900000.00
370707563773635000000.00
114669468735182000000.00
51060036573535600000.00
79991941312745400000.00
205105719440760000000.00
119069962025270000000.00
71459133769883500000.00
24609408175588300000.00
110172038116271000000.00
157566308733525000000.00
27224313424431400000.00
143025096944169000000.00
112607600981071000000.00
141615449344794000000.00
242551418570070000000.00
229411445866726000000.00
371839010890565000000.00
115451607965338000000.00
26376263614513900000.00
346234436129129000000.00
299916285758784000000.00
272192755956070000000.00
284993165261918000000.00
373871771902962000000.00
183594277286061000000.00
372367696202289000000.00
274919586349452000000.00
162514716121270000000.00
40193695935066500000.00
103544422879452000000.00
115996662139504000000.00
169308591788456000000.00
364908886355861000000.00
962316936170840000.00
144537509271342000000.00
341373748033458000000.00
215216559029834000000.00
253751692807213000000.00
117280132060437000000.00
160437398605877000000.00
78013350057360600000.00
304421695477909000000.00
92095540917732600000.00
95458146809860000000.00
67644895480224500000.00
339824020945441000000.00
188565502205839000000.00
36578025719581400000.00
182684852390531000000.00
367192445790005000000.00
12582680920115700000.00
237881186897585000000.00
311863154038492000000.00
148000216496188000000.00
370539765308349000000.00
338971531344462000000.00
105748160167657000000.00
14853030298318400000.00
338213665299809000000.00
112456271847110000000.00
87076091917362300000.00
171331528319893000000.00
123896283463584000000.00
335025791758844000000.00
208422898182036000000.00
276965380224322000000.00
307465762231413000000.00
253607990188970000000.00
15043988325370000000.00
92587874511380900000.00
180733874471224000000.00
171363766005040000000.00
82413161862805700000.00
11468123425089700000.00
357851876010917000000.00
172684568292021000000.00
27906964615454500000.00
238281612468332000000.00
151494114190486000000.00
158284241173692000000.00
118187646896836000000.00
233781148333413000000.00
150468738440220000000.00
135321048252588000000.00
81046288832610400000.00
321523737319019000000.00
231470288032550000000.00
199202278522445000000.00
211398831299036000000.00
97347717332507500000.00
232608865904190000000.00
74691186332297700000.00
334965028872213000000.00
150895819971178000000.00
161438963556360000000.00
347487405370170000000.00
340865847893155000000.00
68591651890749100000.00
112164633848041000000.00
334970337148468000000.00
350295922070968000000.00
34161160785173500000.00
36411098896918000000.00
255649066234115000000.00
307524335330375000000.00
103814075527164000000.00
69285413887732400000.00
272615842225090000000.00
85768431115322700000.00
326204534532386000000.00
106410750317531000000.00
182029054285317000000.00
211523038909898000000.00
279868754598358000000.00
10331825833076400000.00
32715765586636200000.00
229800513452257000000.00
175028316198970000000.00
139887768764488000000.00
209841080314335000000.00
19766612846404800000.00
163015697663039000000.00
38239811702942500000.00
344731843275984000000.00
356902111365628000000.00
166581330538003000000.00
254035038970678000000.00
94349882420868800000.00
262789965480385000000.00
83477461537266600000.00
153423837849791000000.00
227029410576008000000.00
325190768033008000000.00
191613421328670000000.00
29611043291170300000.00
77185103731782000000.00
139926144363457000000.00
198078664446819000000.00
262054820236231000000.00
278710446918612000000.00
158709946367000000000.00
331573502242397000000.00
294204151513283000000.00
239239688452602000000.00
90327376388605200000.00
165733096902384000000.00
367288951981556000000.00
16908696499451400000.00
120911290855726000000.00
168283454911718000000.00
226410351668671000000.00
314452540612975000000.00
77208487241645300000.00
361938097564809000000.00
143098406390066000000.00
369504389236674000000.00
348960819556563000000.00
30083056012763000000.00
147780858078188000000.00
238015553185111000000.00
278915935017509000000.00
40479187449689100000.00
227241263218278000000.00
326567124302049000000.00
193812348846908000000.00
119086108063739000000.00
218132631434873000000.00
86142344438106500000.00
104178728614086000000.00
212170476038445000000.00
332631883368112000000.00
347337156912278000000.00
323299153086494000000.00
219914407000857000000.00
223413329370991000000.00
324592670061914000000.00
263625703791429000000.00
55094756877410800000.00
361735065929423000000.00
58613077552531400000.00
279598978344801000000.00
146010370799906000000.00
149082299281992000000.00
339083490858248000000.00
24305783007804600000.00
135250163196773000000.00
48057253893070800000.00
68844798342477400000.00
320688649544350000000.00
184031207988128000000.00
232714127453392000000.00
243806679420280000000.00
117424231443819000000.00
148881219496452000000.00
81135627751542100000.00
213528958704899000000.00
154025715955244000000.00
238448950869218000000.00
306105583363167000000.00
56586459015385600000.00
236706377271512000000.00
342720978407995000000.00
129231605682979000000.00
255999818525231000000.00
324565523415756000000.00
138496626697778000000.00
209067341249898000000.00
143372949736493000000.00
208729958768585000000.00
47850486361707500000.00
14924816652266500000.00
366768631641782000000.00
22058937634151000000.00
356858294733122000000.00
245794196997805000000.00
108558678461441000000.00
297184571961000000000.00
320997462971403000000.00
283848091587311000000.00
71875865056061400000.00
192887190405060000000.00
374318244820883000000.00
179569741542234000000.00
222129257132741000000.00
96410478978643700000.00
237241452395094000000.00
170800721474827000000.00
233165365926528000000.00
304076813084341000000.00
234848857012021000000.00
104643847633244000000.00
80462848049111900000.00
290517961552863000000.00
70590353725240700000.00
226438137559958000000.00
21356435396231100000.00
51349638084937300000.00
89789373277602900000.00
140061664399447000000.00
144390971990101000000.00
73045142583789600000.00
305064371898537000000.00
296384207538976000000.00
6890614848961750000.00
229340981615120000000.00
137227579198073000000.00
235146813802130000000.00
138388511479761000000.00
202683367975103000000.00
83180412409218500000.00
72585619236392400000.00
197218359463523000000.00
213293764398770000000.00
212931942145526000000.00
34269192537838300000.00
365288091001071000000.00
83873012731436400000.00
339397109986434000000.00
844951320360054000.00
100075520081793000000.00
102317225455586000000.00
270969635410793000000.00
142671917222724000000.00
236489290117929000000.00
195781036764173000000.00
160405329993259000000.00
222586002217044000000.00
88248016250260200000.00
272298223038405000000.00
226108989198113000000.00
67361317347390900000.00
112589458141626000000.00
374786143529062000000.00
194840361746997000000.00
285827129033163000000.00
131616375773725000000.00
34619058901062700000.00
264782301143027000000.00
216053350484216000000.00
88790661201922200000.00
297849940728573000000.00
367622804939356000000.00
227601921339069000000.00
83261963341641400000.00
268073954679663000000.00
257826644837319000000.00
370323005458683000000.00
48318459692331800000.00
241247780300277000000.00
105888676433165000000.00
84417160466171800000.00
228337005510988000000.00
254497318170603000000.00
143733329157133000000.00
153402584239039000000.00
205707007141474000000.00
211320051332366000000.00
269707977116241000000.00
289069876596591000000.00
259202237190637000000.00
48966729335088700000.00
334098619298801000000.00
224297791413135000000.00
109822661899933000000.00
234504469642902000000.00
107939113239186000000.00
86661344423498500000.00
355060333662583000000.00
291966707686466000000.00
152321177382010000000.00
144477734394350000000.00
334542386402348000000.00
295731951768950000000.00
273341200807154000000.00
333286985091887000000.00
124172275712754000000.00
176779398105006000000.00
305937941952290000000.00
233036199249274000000.00
182239455530036000000.00
267239663701651000000.00
97438369287988300000.00
282922461295871000000.00
136269128037731000000.00
259538274877163000000.00
298663285301759000000.00
300317598267428000000.00
271685092447047000000.00
236304700286409000000.00
363317609191596000000.00
357000149280726000000.00
26046702710200100000.00
224847275264309000000.00
173052326018213000000.00
174856525668750000000.00
351454048490760000000.00
316310253872145000000.00
103640129956140000000.00
207579052116700000000.00
280874595743358000000.00
346387931288644000000.00
54872079530739800000.00
144391140970080000000.00
370478416621327000000.00
308536848394751000000.00
114363203748723000000.00
29799078003094400000.00
201910101209666000000.00
275455725405095000000.00
109114583392586000000.00
300078589251432000000.00
302269836695761000000.00
201860622272898000000.00
1748765758556050000.00
126625541673468000000.00
44343486525368000000.00
77590134033198800000.00
211161883865837000000.00
350119531471449000000.00
145408067989583000000.00
95512823470887500000.00
26917205278512700000.00
267178436183764000000.00
220643097929483000000.00
206838240049262000000.00
92800780182287200000.00
174961930413404000000.00
370562469555745000000.00
128702190450829000000.00
157939820539555000000.00
329525106265379000000.00
147438137148764000000.00
141739795243112000000.00
40650441611346000000.00
19052650372752400000.00
143695984959954000000.00
310014265185783000000.00
184732308645174000000.00
33213523960451900000.00
140637397076432000000.00
64492263462256500000.00
211470088319398000000.00
199834828508257000000.00
341196851120041000000.00
27873933808899800000.00
97140515803932700000.00
160560650828049000000.00
154652258410399000000.00
39168703220178300000.00
133480758530027000000.00
54855961968388700000.00
63762828253729600000.00
253368540305099000000.00
365688462023614000000.00
308689571826432000000.00
266184547334737000000.00
195268558806252000000.00
13750126342533100000.00
288719419459110000000.00
152463184487626000000.00
256264730656385000000.00
341709985880964000000.00
321192081202670000000.00
97755893276064400000.00
220179267004162000000.00
218097937834741000000.00
100131570625807000000.00
185191584560097000000.00
137169784295229000000.00
358432730496071000000.00
271437249471796000000.00
180912243165127000000.00
47245250654403500000.00
134560816667790000000.00
236784903136246000000.00
15616930326026000000.00
208583953365893000000.00
192064037826393000000.00
372066197222992000000.00
255480396027837000000.00
243189224857168000000.00
231071070722975000000.00
54043714045845000000.00
6532566569417600000.00
359541841646975000000.00
366244897473905000000.00
229846583247670000000.00
186869961388654000000.00
117247214415463000000.00
270438582276326000000.00
99761725184467400000.00
262368197256753000000.00
341178329635253000000.00
195753712127197000000.00
311913319336149000000.00
365080704716920000000.00
89507504047477600000.00
51716146782210000000.00
86880030007833800000.00
288583885834713000000.00
90030469061933300000.00
366566800542754000000.00
36022786462391100000.00
340493032003113000000.00
363242604592441000000.00
313526632996812000000.00
49466391345280500000.00
147939704755066000000.00
97875641822098500000.00
289748108046034000000.00
362628706617302000000.00
179076094790323000000.00
312495073138060000000.00
235313853575336000000.00
42173310681524200000.00
5985364743349010000.00
251873855252397000000.00
8036141173017550000.00
213067384757534000000.00
319197963316689000000.00
341529102904334000000.00
135930008304365000000.00
363562049691740000000.00
191154374889759000000.00
295629022915412000000.00
41454696472141900000.00
10899181988407500000.00
38425584678267800000.00
185207996639287000000.00
247382860494205000000.00
292627939931403000000.00
194607388439073000000.00
342743922469807000000.00
112654714072337000000.00
184192253791950000000.00
207416406864784000000.00
260519141749343000000.00
266907341989563000000.00
336252107778135000000.00
153687521108499000000.00
97959602795398300000.00
186442161691004000000.00
229215785104855000000.00
110011677355659000000.00
129146673101705000000.00
92663360881960300000.00
73145730718855400000.00
156160693702656000000.00
289442392504902000000.00
168447803867803000000.00
55625380543331500000.00
107414276046488000000.00
313792520340777000000.00
191031492359878000000.00
186499574086745000000.00
136682996339269000000.00
276234087140445000000.00
297891516334502000000.00
353293184297965000000.00
158009610320363000000.00
27918085088042300000.00
48238779974470200000.00
14227988681896100000.00
283771776508572000000.00
269733006746628000000.00
254146955440120000000.00
216917393593253000000.00
342977358426944000000.00
255708895560960000000.00
56336479922674100000.00
37410730837944200000.00
112377394530896000000.00
263219643191718000000.00
340083442527683000000.00
110213073927353000000.00
48129788650843600000.00
126354479296444000000.00
371768637351621000000.00
301983933579919000000.00
43995640146041000000.00
25503296564700400000.00
138143660751794000000.00
200837050000276000000.00
20475874339383700000.00
309458870849279000000.00
86549793463658600000.00
202252901151788000000.00
60492205945232500000.00
174937732598929000000.00
129918843889003000000.00
113370885816236000000.00
16182081851647700000.00
291715037256074000000.00
327018765555671000000.00
367629591719537000000.00
81975685677406700000.00
328179964481820000000.00
155388143597425000000.00
124889468231023000000.00
189355025028012000000.00
85547776728969100000.00
102084558934547000000.00
56217451718319700000.00
172932086303489000000.00
149562639096474000000.00
284710478349183000000.00
343319062512579000000.00
229081618853223000000.00
80339384164471000000.00
87953634750771700000.00
140796583367666000000.00
337111130180013000000.00
19547724084322300000.00
296733797472891000000.00
69781465934462000000.00
244424823930144000000.00
176123823034589000000.00
193263954792740000000.00
317863096360520000000.00
331504140458071000000.00
325260699746792000000.00
213892756539494000000.00
7730961525335410000.00
283440626703781000000.00
238435385066214000000.00
87345668640673400000.00
365906206234940000000.00
78248434697455300000.00
210675045664949000000.00
140117042601807000000.00
234747265947832000000.00
106348827196922000000.00
78272847429460600000.00
332466418246443000000.00
168070069395269000000.00
90458662525248800000.00
175906951159267000000.00
301986703084420000000.00
323369895776130000000.00
159496016684802000000.00
220494077842099000000.00
205777410413734000000.00
308032235909060000000.00
157011760659999000000.00
124329465001523000000.00
191216731091169000000.00
315089889740799000000.00
371396894632392000000.00
206650291403314000000.00
280715288432138000000.00
278054916750419000000.00
22508949177589500000.00
15779494332847400000.00
364811557000620000000.00
253546790761639000000.00
166831738862420000000.00
259256905487630000000.00
265021201396158000000.00
26977702686570600000.00
144090339730519000000.00
63567008360494300000.00
40576263680890000000.00
305036759042533000000.00
334936115243030000000.00
86002348682554200000.00
167737768317252000000.00
218091315440485000000.00
93872557594072600000.00
54003145057282700000.00
202262763752719000000.00
230726285333917000000.00
19029290027212900000.00
301810781508735000000.00
68208280962640100000.00
311496890953676000000.00
191757662348915000000.00
361335757163938000000.00
103860642634711000000.00
110423296766855000000.00
29607869884538900000.00
254520164047578000000.00
326480702655950000000.00
254624045006699000000.00
93662619863480000000.00
79320653989027200000.00
197461453934538000000.00
163830131342791000000.00
213448443977548000000.00
31137619745796300000.00
47404016576170100000.00
296561084503000000000.00
293074023187228000000.00
163677373300764000000.00
173914876442730000000.00
129926629929999000000.00
112531366897635000000.00
175778854912065000000.00
2694688362712280000.00
86580485714064300000.00
293351467349565000000.00
88226151446496200000.00
235897812181289000000.00
147184658344033000000.00
109177772142270000000.00
326640817308460000000.00
165507956127745000000.00
209005496173610000000.00
161906437890902000000.00
241269720349394000000.00
355814581371550000000.00
171512446953648000000.00
149982448677053000000.00
193472545098714000000.00
302135192062332000000.00
320121469086536000000.00
17339054862994700000.00
247821102983125000000.00
319455718360507000000.00
42703947053363400000.00
95728930742434900000.00
253173207178358000000.00
163082220831935000000.00
22988750599728300000.00
237668161124720000000.00
57687025898883300000.00
289159824954819000000.00
328123353829300000000.00
358161020174838000000.00
131267022921539000000.00
279712984343832000000.00
311436955581729000000.00
134485080863147000000.00
93442222962996600000.00
52288601736716300000.00
197654302128434000000.00
249864609833954000000.00
66048414340743900000.00
164476946762680000000.00
299740920967959000000.00
358359927585192000000.00
102711629566173000000.00
246044227967868000000.00
199410914920253000000.00
98954789334901700000.00
62990184532996100000.00
22367178078623400000.00
264722722767660000000.00
17975585351500200000.00
267068846741996000000.00
374394000070063000000.00
367591310619852000000.00
186437178491684000000.00
30513121941313600000.00
129449977184101000000.00
354020815661418000000.00
17193419286197800000.00
259985071395423000000.00
128251648907478000000.00
77289929177525200000.00
369099981230460000000.00
182518489712371000000.00
19196887549055700000.00
326219579924595000000.00
56389159525761800000.00
247895903195417000000.00
74528711780686500000.00
28515622188109000000.00
43855083149830400000.00
271128160640461000000.00
252821970059275000000.00
197090299730397000000.00
29488048419443800000.00
260099487640480000000.00
176179438760597000000.00
120424518015245000000.00
356589741432446000000.00
154032849768106000000.00
153638762322634000000.00
259191105796836000000.00
110501846912001000000.00
357538108547687000000.00
299763285589071000000.00
34277592112449600000.00
295691856672600000000.00
217564810888987000000.00
174233804685864000000.00
103344830507788000000.00
119275464450634000000.00
319019596883543000000.00
97474545337818000000.00
36477179654999600000.00
335548397244225000000.00
80275555786146800000.00
102477446325745000000.00
9684694733810340000.00
213151992320417000000.00
101883249115493000000.00
29805319873422800000.00
100566632823872000000.00
39659530941770300000.00
170023630692339000000.00
76505735828659400000.00
249012436413095000000.00
182517580703430000000.00
196674767361482000000.00
333195192627567000000.00
168624880594156000000.00
84006135337432500000.00
353233086681379000000.00
35799806443553300000.00
215284936655216000000.00
317615335872086000000.00
173888606030406000000.00
320838305031031000000.00
113864599941989000000.00
191618126647519000000.00
281831756676195000000.00
89367304032739000000.00
100242495725200000000.00
255829334751627000000.00
89143427123969200000.00
119331638674691000000.00
156659356060542000000.00
349799733154662000000.00
61929044535572900000.00
356254195306818000000.00
284914044748921000000.00
178080848246116000000.00
347046567221814000000.00
219588532890724000000.00
292733717674825000000.00
278587620956720000000.00
34437047402595400000.00
207931894236983000000.00
105919887218440000000.00
4548766500755130000.00
96988415085131000000.00
306238675840385000000.00
156130031231369000000.00
76290353825966300000.00
329413231208076000000.00
15886747513945900000.00
284888928967820000000.00
222189801219985000000.00
78083681663497200000.00
256506171707788000000.00
287807247889275000000.00
114155748887834000000.00
35803701002779000000.00
58545449789320800000.00
241847555611344000000.00
174220581241229000000.00
149956198794604000000.00
364711282920010000000.00
284278595953806000000.00
214655332261990000000.00
136395424211981000000.00
212729236971854000000.00
86081511940115000000.00
214521794013063000000.00
192554809765253000000.00
90589352233675500000.00
16113922092271200000.00
123189289224192000000.00
291480147652483000000.00
294833312138205000000.00
84834979192942200000.00
137100172967753000000.00
151131060419742000000.00
353734419469212000000.00
66166624461834300000.00
62736333458300700000.00
313219953385274000000.00
235015275272401000000.00
176364977069860000000.00
113348961987207000000.00
371258088654635000000.00
184824560367212000000.00
67064704346252600000.00
101362395026045000000.00
57179845811969600000.00
158753114213737000000.00
291601468411683000000.00
88133646279038700000.00
86323515027091600000.00
211071338437286000000.00
154372459254291000000.00
174825515002023000000.00
19861728833017300000.00
216915383335098000000.00
128497511107324000000.00
91029568123657700000.00
316320940296379000000.00
174280797591436000000.00
221322615791298000000.00
320848196526925000000.00
175573670148691000000.00
78953014789579200000.00
200712438940409000000.00
85753645998729100000.00
274593165155749000000.00
32211839910637000000.00
250155636648182000000.00
127689901176452000000.00
211118300173718000000.00
258153550784653000000.00
191182778683314000000.00
18503168512004800000.00
336608242610675000000.00
357560539456635000000.00
251953293787471000000.00
60497898000163500000.00
101591681125909000000.00
304829699171494000000.00
242124574943737000000.00
241065367375211000000.00
172480401956255000000.00
318186047090943000000.00
95133677554418500000.00
155051796415853000000.00
97846272376771000000.00
126696256258503000000.00
10158961002160100000.00
70680117707556000000.00
94039391499369800000.00
233284583699042000000.00
60364876632531700000.00